# (ML) (expected_number) (lower bound of 95% interval) (upper bound of 95% interval) (probability)
0.45         369.535         234         604      1.0000
0.55         304.348         197         486      1.0000
0.65         250.660         165         391      1.0000
0.75         206.443         138         315      1.0000
0.85         170.026         115         255      1.0000
0.95         140.033          95         207      1.0000
1.05         115.331          79         169      1.0000
1.15          94.987          65         138      1.0000
1.25          78.231          53         114      1.0000
1.35          64.431          43          94      1.0000
1.45          53.065          35          78      1.0000
1.55          43.704          28          65      1.0000
1.65          35.995          22          55      1.0000
1.75          29.645          18          46      1.0000
1.85          24.416          14          39      1.0000
1.95          20.109          11          33      1.0000
2.05          16.562           8          28      1.0000
2.15          13.640           6          24      1.0000
2.25          11.234           5          20      0.9999
2.35           9.252           3          18      0.9997
2.45           7.620           2          15      0.9989
2.55           6.276           2          13      0.9966
2.65           5.169           1          11      0.9913
2.75           4.257           1          10      0.9809
2.85           3.506           0           9      0.9633
2.95           2.888           0           7      0.9365
3.05           2.378           0           7      0.8997
3.15           1.959           0           6      0.8531
3.25           1.613           0           5      0.7980
3.35           1.329           0           4      0.7364
3.45           1.094           0           4      0.6709
3.55           0.901           0           4      0.6039
3.65           0.742           0           3      0.5377
3.75           0.611           0           3      0.4741
3.85           0.503           0           2      0.4144
3.95           0.415           0           2      0.3595
4.05           0.342           0           2      0.3099
4.15           0.281           0           2      0.2656
4.25           0.232           0           2      0.2266
4.35           0.191           0           1      0.1925
4.45           0.157           0           1      0.1630
4.55           0.129           0           1      0.1377
4.65           0.107           0           1      0.1159
4.75           0.088           0           1      0.0975
4.85           0.072           0           1      0.0818
4.95           0.060           0           1      0.0686
5.05           0.049           0           1      0.0574
5.15           0.040           0           1      0.0480
5.25           0.033           0           1      0.0401
5.35           0.027           0           1      0.0335
5.45           0.023           0           1      0.0280
5.55           0.019           0           0      0.0233
5.65           0.015           0           0      0.0195
5.75           0.013           0           0      0.0163
5.85           0.010           0           0      0.0136
5.95           0.009           0           0      0.0113
6.05           0.007           0           0      0.0094
6.15           0.006           0           0      0.0079
6.25           0.005           0           0      0.0066
6.35           0.004           0           0      0.0055
6.45           0.003           0           0      0.0046
6.55           0.003           0           0      0.0038
6.65           0.002           0           0      0.0032
6.75           0.002           0           0      0.0027
6.85           0.001           0           0      0.0022
6.95           0.001           0           0      0.0018
7.05           0.001           0           0      0.0015
7.15           0.001           0           0      0.0013
7.25           0.001           0           0      0.0011
7.35           0.001           0           0      0.0009
7.45           0.000           0           0      0.0008
7.55           0.000           0           0      0.0006
7.65           0.000           0           0      0.0005
7.75           0.000           0           0      0.0004
7.85           0.000           0           0      0.0004
7.95           0.000           0           0      0.0003
8.05           0.000           0           0      0.0003
8.15           0.000           0           0      0.0002
8.25           0.000           0           0      0.0002
8.35           0.000           0           0      0.0002
8.45           0.000           0           0      0.0001
8.55           0.000           0           0      0.0001
8.65           0.000           0           0      0.0001
8.75           0.000           0           0      0.0001
8.85           0.000           0           0      0.0001
8.95           0.000           0           0      0.0001
9.05           0.000           0           0      0.0000
9.15           0.000           0           0      0.0000
9.25           0.000           0           0      0.0000
9.35           0.000           0           0      0.0000
9.45           0.000           0           0      0.0000
9.55           0.000           0           0      0.0000
9.65           0.000           0           0      0.0000
9.75           0.000           0           0      0.0000
9.85           0.000           0           0      0.0000
9.95           0.000           0           0      0.0000
