# (ML) (expected_number) (lower bound of 95% interval) (upper bound of 95% interval) (probability)
0.45         368.068         245         559      1.0000
0.55         304.400         205         454      1.0000
0.65         251.746         171         369      1.0000
0.75         208.200         142         301      1.0000
0.85         172.186         118         246      1.0000
0.95         142.402          97         201      1.0000
1.05         117.770          80         165      1.0000
1.15          97.398          66         136      1.0000
1.25          80.550          54         112      1.0000
1.35          66.617          44          93      1.0000
1.45          55.094          36          78      1.0000
1.55          45.564          29          65      1.0000
1.65          37.682          23          55      1.0000
1.75          31.164          18          47      1.0000
1.85          25.774          14          40      1.0000
1.95          21.315          11          34      1.0000
2.05          17.628           9          29      1.0000
2.15          14.579           7          25      1.0000
2.25          12.057           5          21      1.0000
2.35           9.972           4          18      0.9998
2.45           8.247           3          16      0.9993
2.55           6.820           2          14      0.9978
2.65           5.640           1          12      0.9940
2.75           4.665           1          10      0.9860
2.85           3.858           0           9      0.9718
2.95           3.191           0           8      0.9492
3.05           2.639           0           7      0.9171
3.15           2.182           0           6      0.8750
3.25           1.805           0           5      0.8239
3.35           1.493           0           5      0.7655
3.45           1.234           0           4      0.7021
3.55           1.021           0           4      0.6362
3.65           0.844           0           3      0.5701
3.75           0.698           0           3      0.5058
3.85           0.577           0           3      0.4447
3.95           0.478           0           2      0.3879
4.05           0.395           0           2      0.3361
4.15           0.327           0           2      0.2895
4.25           0.270           0           2      0.2481
4.35           0.223           0           2      0.2117
4.45           0.185           0           1      0.1800
4.55           0.153           0           1      0.1525
4.65           0.126           0           1      0.1289
4.75           0.105           0           1      0.1087
4.85           0.086           0           1      0.0915
4.95           0.071           0           1      0.0770
5.05           0.059           0           1      0.0646
5.15           0.049           0           1      0.0542
5.25           0.040           0           1      0.0454
5.35           0.033           0           1      0.0380
5.45           0.028           0           1      0.0318
5.55           0.023           0           1      0.0266
5.65           0.019           0           0      0.0223
5.75           0.016           0           0      0.0186
5.85           0.013           0           0      0.0156
5.95           0.011           0           0      0.0130
6.05           0.009           0           0      0.0109
6.15           0.007           0           0      0.0091
6.25           0.006           0           0      0.0076
6.35           0.005           0           0      0.0063
6.45           0.004           0           0      0.0053
6.55           0.003           0           0      0.0044
6.65           0.003           0           0      0.0037
6.75           0.002           0           0      0.0031
6.85           0.002           0           0      0.0026
6.95           0.002           0           0      0.0022
7.05           0.001           0           0      0.0018
7.15           0.001           0           0      0.0015
7.25           0.001           0           0      0.0013
7.35           0.001           0           0      0.0011
7.45           0.001           0           0      0.0009
7.55           0.001           0           0      0.0007
7.65           0.000           0           0      0.0006
7.75           0.000           0           0      0.0005
7.85           0.000           0           0      0.0004
7.95           0.000           0           0      0.0004
8.05           0.000           0           0      0.0003
8.15           0.000           0           0      0.0003
8.25           0.000           0           0      0.0002
8.35           0.000           0           0      0.0002
8.45           0.000           0           0      0.0002
8.55           0.000           0           0      0.0001
8.65           0.000           0           0      0.0001
8.75           0.000           0           0      0.0001
8.85           0.000           0           0      0.0001
8.95           0.000           0           0      0.0001
9.05           0.000           0           0      0.0001
9.15           0.000           0           0      0.0000
9.25           0.000           0           0      0.0000
9.35           0.000           0           0      0.0000
9.45           0.000           0           0      0.0000
9.55           0.000           0           0      0.0000
9.65           0.000           0           0      0.0000
9.75           0.000           0           0      0.0000
9.85           0.000           0           0      0.0000
9.95           0.000           0           0      0.0000
