# (ML) (expected_number) (lower bound of 95% interval) (upper bound of 95% interval) (probability)
0.45         439.549         294         634      1.0000
0.55         355.423         242         504      1.0000
0.65         287.398         198         401      1.0000
0.75         232.393         162         320      1.0000
0.85         187.915         132         257      1.0000
0.95         151.949         107         207      1.0000
1.05         122.868          86         167      1.0000
1.15          99.352          69         136      1.0000
1.25          80.337          55         110      1.0000
1.35          64.961          44          90      1.0000
1.45          52.528          35          74      1.0000
1.55          42.475          27          61      1.0000
1.65          34.345          21          51      1.0000
1.75          27.772          16          42      1.0000
1.85          22.457          12          35      1.0000
1.95          18.159           9          29      1.0000
2.05          14.683           7          25      1.0000
2.15          11.873           5          21      1.0000
2.25           9.601           4          18      0.9998
2.35           7.763           3          15      0.9992
2.45           6.277           2          13      0.9970
2.55           5.076           1          11      0.9913
2.65           4.104           1           9      0.9793
2.75           3.319           0           8      0.9582
2.85           2.684           0           7      0.9254
2.95           2.170           0           6      0.8803
3.05           1.755           0           5      0.8236
3.15           1.419           0           5      0.7578
3.25           1.147           0           4      0.6860
3.35           0.928           0           3      0.6118
3.45           0.750           0           3      0.5382
3.55           0.607           0           3      0.4677
3.65           0.490           0           2      0.4022
3.75           0.397           0           2      0.3428
3.85           0.321           0           2      0.2900
3.95           0.259           0           2      0.2437
4.05           0.210           0           2      0.2037
4.15           0.170           0           1      0.1695
4.25           0.137           0           1      0.1405
4.35           0.111           0           1      0.1161
4.45           0.090           0           1      0.0957
4.55           0.072           0           1      0.0787
4.65           0.059           0           1      0.0647
4.75           0.047           0           1      0.0531
4.85           0.038           0           1      0.0435
4.95           0.031           0           1      0.0356
5.05           0.025           0           1      0.0291
5.15           0.020           0           0      0.0238
5.25           0.016           0           0      0.0195
5.35           0.013           0           0      0.0159
5.45           0.011           0           0      0.0130
5.55           0.009           0           0      0.0106
5.65           0.007           0           0      0.0087
5.75           0.006           0           0      0.0071
5.85           0.005           0           0      0.0058
5.95           0.004           0           0      0.0047
6.05           0.003           0           0      0.0039
6.15           0.002           0           0      0.0031
6.25           0.002           0           0      0.0026
6.35           0.002           0           0      0.0021
6.45           0.001           0           0      0.0017
6.55           0.001           0           0      0.0014
6.65           0.001           0           0      0.0011
6.75           0.001           0           0      0.0009
6.85           0.001           0           0      0.0008
6.95           0.000           0           0      0.0006
7.05           0.000           0           0      0.0005
7.15           0.000           0           0      0.0004
7.25           0.000           0           0      0.0003
7.35           0.000           0           0      0.0003
7.45           0.000           0           0      0.0002
7.55           0.000           0           0      0.0002
7.65           0.000           0           0      0.0002
7.75           0.000           0           0      0.0001
7.85           0.000           0           0      0.0001
7.95           0.000           0           0      0.0001
8.05           0.000           0           0      0.0001
8.15           0.000           0           0      0.0001
8.25           0.000           0           0      0.0000
8.35           0.000           0           0      0.0000
8.45           0.000           0           0      0.0000
8.55           0.000           0           0      0.0000
8.65           0.000           0           0      0.0000
8.75           0.000           0           0      0.0000
8.85           0.000           0           0      0.0000
8.95           0.000           0           0      0.0000
9.05           0.000           0           0      0.0000
9.15           0.000           0           0      0.0000
9.25           0.000           0           0      0.0000
9.35           0.000           0           0      0.0000
9.45           0.000           0           0      0.0000
9.55           0.000           0           0      0.0000
9.65           0.000           0           0      0.0000
9.75           0.000           0           0      0.0000
9.85           0.000           0           0      0.0000
9.95           0.000           0           0      0.0000
