# (ML) (expected_number) (lower bound of 95% interval) (upper bound of 95% interval) (probability)
0.45         423.171         267         831      1.0000
0.55         345.756         222         656      1.0000
0.65         282.503         183         519      1.0000
0.75         230.822         151         411      1.0000
0.85         188.595         125         326      1.0000
0.95         154.094         102         260      1.0000
1.05         125.904          84         207      1.0000
1.15         102.871          68         166      1.0000
1.25          84.052          55         133      1.0000
1.35          68.675          44         107      1.0000
1.45          56.112          36          87      1.0000
1.55          45.847          28          71      1.0000
1.65          37.459          22          59      1.0000
1.75          30.607          17          48      1.0000
1.85          25.007          14          40      1.0000
1.95          20.433          10          34      1.0000
2.05          16.695           8          28      1.0000
2.15          13.640           6          24      1.0000
2.25          11.145           4          20      0.9999
2.35           9.106           3          17      0.9995
2.45           7.440           2          15      0.9983
2.55           6.079           1          12      0.9947
2.65           4.967           1          11      0.9868
2.75           4.058           0           9      0.9716
2.85           3.316           0           8      0.9467
2.95           2.709           0           7      0.9104
3.05           2.214           0           6      0.8624
3.15           1.809           0           5      0.8043
3.25           1.478           0           5      0.7384
3.35           1.207           0           4      0.6679
3.45           0.987           0           4      0.5959
3.55           0.806           0           3      0.5251
3.65           0.659           0           3      0.4577
3.75           0.538           0           2      0.3952
3.85           0.440           0           2      0.3385
3.95           0.359           0           2      0.2879
4.05           0.294           0           2      0.2435
4.15           0.240           0           2      0.2049
4.25           0.196           0           1      0.1717
4.35           0.160           0           1      0.1434
4.45           0.131           0           1      0.1194
4.55           0.107           0           1      0.0992
4.65           0.087           0           1      0.0823
4.75           0.071           0           1      0.0682
4.85           0.058           0           1      0.0564
4.95           0.048           0           1      0.0466
5.05           0.039           0           1      0.0385
5.15           0.032           0           1      0.0317
5.25           0.026           0           1      0.0262
5.35           0.021           0           0      0.0216
5.45           0.017           0           0      0.0178
5.55           0.014           0           0      0.0147
5.65           0.012           0           0      0.0121
5.75           0.009           0           0      0.0100
5.85           0.008           0           0      0.0082
5.95           0.006           0           0      0.0068
6.05           0.005           0           0      0.0056
6.15           0.004           0           0      0.0046
6.25           0.003           0           0      0.0038
6.35           0.003           0           0      0.0031
6.45           0.002           0           0      0.0026
6.55           0.002           0           0      0.0021
6.65           0.002           0           0      0.0018
6.75           0.001           0           0      0.0015
6.85           0.001           0           0      0.0012
6.95           0.001           0           0      0.0010
7.05           0.001           0           0      0.0008
7.15           0.001           0           0      0.0007
7.25           0.000           0           0      0.0006
7.35           0.000           0           0      0.0005
7.45           0.000           0           0      0.0004
7.55           0.000           0           0      0.0003
7.65           0.000           0           0      0.0003
7.75           0.000           0           0      0.0002
7.85           0.000           0           0      0.0002
7.95           0.000           0           0      0.0001
8.05           0.000           0           0      0.0001
8.15           0.000           0           0      0.0001
8.25           0.000           0           0      0.0001
8.35           0.000           0           0      0.0001
8.45           0.000           0           0      0.0001
8.55           0.000           0           0      0.0000
8.65           0.000           0           0      0.0000
8.75           0.000           0           0      0.0000
8.85           0.000           0           0      0.0000
8.95           0.000           0           0      0.0000
9.05           0.000           0           0      0.0000
9.15           0.000           0           0      0.0000
9.25           0.000           0           0      0.0000
9.35           0.000           0           0      0.0000
9.45           0.000           0           0      0.0000
9.55           0.000           0           0      0.0000
9.65           0.000           0           0      0.0000
9.75           0.000           0           0      0.0000
9.85           0.000           0           0      0.0000
9.95           0.000           0           0      0.0000
