45.8683	27.1517	2014	11	22	5.7	40.9	19	14
45.8513	27.0836	2014	11	22	1.7	50      19	21
45.8508	27.1344	2014	11	22	1.2	40.8	19	26
45.8688	27.1185	2014	11	22	2.0	39.5	19	27
45.924	27.2104	2014	11	22	0.7	33.9	19	29
45.8847	27.1879	2014	11	22	1.7	34.8	19	31
45.8814	27.1789	2014	11	22	2.1	36.8	19	32
45.8662	27.1757	2014	11	22	1.6	32.8	19	33
45.9054	27.0945	2014	11	22	1.0	47.2	19	34
45.8916	27.1417	2014	11	22	1.1	32.3	19	36
45.9108	27.241	2014	11	22	0.9	38.8	19	36
45.8564	27.1491	2014	11	22	1.6	29.3	19	37
45.7346	27.178	2014	11	22	0.9	38.8	19	38
45.8646	27.1519	2014	11	22	1.2	35.9	19	38
45.7488	27.1085	2014	11	22	1.5	30      19	39
45.838	27.1735	2014	11	22	1.5	37.7	19	41
45.8627	27.1627	2014	11	22	1.6	32.7	19	42
45.8469	27.1528	2014	11	22	1.3	35.4	19	45
45.8603	27.1492	2014	11	22	0.8	43.3	19	48
45.8393	27.175	2014	11	22	1.4	36.6	19	50
45.9016	27.1159	2014	11	22	0.8	30.1	19	51
45.9242	27.1633	2014	11	22	1.3	34      19	54
45.8526	27.1536	2014	11	22	1.7	32.5	19	57
45.8924	27.1679	2014	11	22	1.1	34.5	19	59
45.8587	27.1185	2014	11	22	0.7	39.9	20	00
45.9606	27.1398	2014	11	22	1.1	39.4	20	00
45.861	27.1849	2014	11	22	1.1	39.1	20	03
45.9043	27.1668	2014	11	22	0.9	38.9	20	05
45.8784	27.1627	2014	11	22	1.1	33.3	20	06
45.8887	27.1843	2014	11	22	1.0	44.9	20	07
45.8388	27.2058	2014	11	22	1.0	32.3	20	10
45.8772	27.1014	2014	11	22	1.1	46      20	18
45.8688	27.0856	2014	11	22	0.9	42.6	20	19
45.8778	27.2438	2014	11	22	1.7	31.5	20	22
45.85	27.1612	2014	11	22	1.2	36.6	20	23
45.8626	27.1644	2014	11	22	2.8	34.4	20	24
45.853	27.1859	2014	11	22	3.1	36.3	20	30
45.837	27.138	2014	11	22	1.0	36.6	20	35
45.8467	27.188	2014	11	22	1.2	33.1	20	36
45.8752	27.179	2014	11	22	0.3	30.9	20	38
45.8767	27.1565	2014	11	22	2.0	31.4	20	38
46.0186	27.1727	2014	11	22	0.5	33.2	20	44
46.0137	27.1843	2014	11	22	0.8	34.6	20	46
45.8498	27.1448	2014	11	22	0.7	37.7	20	47
45.8552	27.0902	2014	11	22	0.7	49.3	21	1
45.8836	27.2055	2014	11	22	2.0	33.5	21	5
45.8312	27.1739	2014	11	22	1.0	40.4	21	8
45.9141	27.1733	2014	11	22	0.8	40.9	21	10
45.9675	27.162	2014	11	22	0.4	24.6	21	11
45.8435	27.1166	2014	11	22	0.8	41.6	21	14
45.8624	27.1432	2014	11	22	1.3	44.6	21	19
45.8554	27.1919	2014	11	22	0.8	38.6	21	35
45.8297	27.1322	2014	11	22	0.1	44.9	21	38
45.8652	27.1922	2014	11	22	1.1	42.4	21	38
45.8464	27.1875	2014	11	22	1.4	38.7	21	42
45.87	27.1167	2014	11	22	0.7	38.5	21	43
45.8482	27.1785	2014	11	22	1.6	44      21	44
45.8395	27.161	2014	11	22	0.9	36.5	21	45
45.8778	27.1716	2014	11	22	0.8	41.7	21	50
45.8647	27.1068	2014	11	22	0.7	39.8	21	56
45.8318	27.1738	2014	11	22	0.6	38      21	59
45.9201	27.1869	2014	11	22	1.1	47.3	22	13
45.8658	27.1802	2014	11	22	0.2	38.5	22	18
45.8707	27.1918	2014	11	22	2.3	39.4	22	19
45.8887	27.1588	2014	11	22	1.7	46  	22	25
45.896	27.0902	2014	11	22	0.4	44.2	22	29
45.7966	27.1223	2014	11	22	0.3	47.8	22	35
45.8671	27.1039	2014	11	22	0.3	29.3	22	41
45.8311	27.1769	2014	11	22	1.9	34.2	22	9
45.87	27.1645	2014	11	22	0.3	38.8	22	14
45.8843	27.1742	2014	11	22	1.9	32.6	23	23
45.8637	27.1469	2014	11	22	1.2	36.2	23	44
45.8515	27.1667	2014	11	22	1.4	39.4	23	52
46.0181	27.1991	2014	11	23	0.8	28.7	0	1
45.824	27.1896	2014	11	23	1.6	34.1	0	36
45.8564	27.1742	2014	11	23	0.6	36.6	0	39
45.8742	27.1392	2014	11	23	0.8	32      0	57
45.8994	27.1817	2014	11	23	0.8	32	0	58
45.8591	27.0771	2014	11	23	1.1	44.3	1	5
45.8819	27.161	2014	11	23	2.5	34.8	1	14
46.0399	27.2658	2014	11	23	1.0	33.4	1	27
45.8028	27.2087	2014	11	23	1.4	33.3	1	45
45.9285	27.1254	2014	11	23	0.5	40.6	1	56
45.8509	27.1852	2014	11	23	2.5	34.1	2	21
45.8791	27.1395	2014	11	23	1.1	34.4	2	35
45.8427	27.147	2014	11	23	0.7	48	3	39
45.8225	27.186	2014	11	23	1.1	37.2	3	53
45.823	27.175	2014	11	23	2.6	31	4	01
45.8369	27.1736	2014	11	23	2.0	31.3	4	14
46.0386	27.2019	2014	11	23	0.7	34.4	4	37
45.8166	27.1322	2014	11	23	0.7	41.4	4	49
45.8846	27.1714	2014	11	23	1.1	34      4	58
45.845	27.1889	2014	11	23	2.4	34.6	5	27
45.8527	27.156	2014	11	23	1.1	40.4	5	57
45.8391	27.0978	2014	11	23	0.5	39.5	6	58
45.8544	27.1828	2014	11	23	2.0	33.6	7	03
45.9835	27.1226	2014	11	23	0.7	37.9	7	09
45.883	27.1865	2014	11	23	0.9	32.1	8	20
45.8962	27.1963	2014	11	23	1.0	40.6	8	39
45.9196	27.214	2014	11	23	0.9	46.8	9	03
45.8686	27.1829	2014	11	23	1.5	39.8	9	50
45.8137	27.2083	2014	11	23	2.7	29.8	10	16
46.0029	27.2125	2014	11	23	0.8	39.8	11	07
46.0777	27.251	2014	11	23	1.0	30      11	20
45.8668	27.2515	2014	11	23	1.6	30      12	32
45.8563	27.1619	2014	11	23	1.8	41.4	13	01
45.8876	27.2001	2014	11	23	1.3	31.4	13	26
45.8712	27.1578	2014	11	23	1.9	33.7	14	47
45.9602	27.2109	2014	11	23	1.1	30      14	52
45.9618	27.2404	2014	11	23	0.7	35.6	15	04
46.0937	27.2223	2014	11	23	0.9	30.2	15	29
46.0122	27.2674	2014	11	23	0.9	30.1	17	01
46.0371	27.2253	2014	11	23	1.3	31.6	19	41
45.838	27.1873	2014	11	23	2.0	31.8	20	57
45.9428	27.2414	2014	11	23	0.7	45.4	21	15
45.828	27.2045	2014	11	23	1.4	38	21	30
45.8304	27.1255	2014	11	23	0.6	48.2	22	16
45.8477	27.1852	2014	11	23	2.3	33.3	23	22
45.8745	27.2053	2014	11	23	0.4	38.4	23	27
45.8303	27.2075	2014	11	24	1.0	34.5	0	41
45.87	27.166	2014	11	24	2.4	34.4	0	45
45.8413	27.1486	2014	11	24	0.3	31.9	1	16
45.9813	27.1463	2014	11	24	0.3	30.5	1	49
45.8103	27.1248	2014	11	24	0.3	45.1	2	6
45.9253	27.1167	2014	11	24	0.1	33.9	2	23
45.9121	27.1661	2014	11	24	1.1	29.6	4	8
46.0013	27.2691	2014	11	24	1.0	40.6	6	9
46.0186	27.2975	2014	11	24	1.2	31.9	7	41
45.9821	27.1891	2014	11	24	1.0	43.1	9	59
45.8859	27.2101	2014	11	24	0.9	31.8	11	47
46.0363	27.2094	2014	11	24	1.2	31.6	14	58
45.9034	27.2187	2014	11	24	1.1	28.7	15	33
45.8521	27.1508	2014	11	24	2.1	33.4	23	20
45.848	27.1612	2014	11	25	3.2	38.8	1	52
45.9248	27.1013	2014	11	25	0.9	30.2	2	43
45.7275	27.1426	2014	11	25	1.1	34.1	5	41
46.0777	27.2035	2014	11	25	1.3	33.1	5	49
45.9646	27.2572	2014	11	25	1.1	35	7	53
45.8427	27.1671	2014	11	25	1.9	37.1	13	6
45.8404	27.1612	2014	11	25	1.4	40.3	17	43
45.9037	27.2324	2014	11	25	0.5	41.3	19	57
45.8747	27.1517	2014	11	26	1.4	33.5	0	2
45.8476	27.1942	2014	11	26	0.8	40.4	1	54
45.869	27.202	2014	11	26	1.0	38.1	3	30
45.8502	27.2149	2014	11	26	1.3	31.1	3	53
45.9954	27.2568	2014	11	26	0.9	32.2	20	49
45.9183	27.2053	2014	11	26	1.1	40.9	21	28
46.0117	27.2217	2014	11	26	1.0	34.8	22	22
45.8262	27.2024	2014	11	27	1.1	36.6	17	00
45.8713	27.1698	2014	11	27	0.8	37.4	20	13
45.7923	27.1892	2014	11	28	0.8	40.6	0	39
45.9802	27.2072	2014	11	28	0.8	30.1	23	33
45.8532	27.1449	2014	11	29	1.2	36.8	2	04
45.8509	27.1714	2014	11	29	1.6	32.6	7	08
45.9775	27.1554	2014	11	29	1.2	43.8	9	04
45.8096	27.1897	2014	11	29	0.6	40.2	10	27
45.8135	27.1669	2014	11	29	1.1	39.2	16	31
45.8222	27.0886	2014	11	29	0.8	38.5	18	8
45.88	27.127	2014	11	29	0.8	41.8	21	42
45.943	27.1473	2014	11	30	0.6	46.8	2	14
45.8005	27.0807	2014	11	30	1.0	44.2	3	30
45.9247	27.1345	2014	11	30	1.1	29.8	3	48
45.8635	27.0906	2014	12	1	1.5	39.8	16	51
45.8261	27.113	2014	12	1	0.6	43	22	19
45.869	27.1752	2014	12	2	2.5	28.8	4	19
45.9817	27.2243	2014	12	2	1.2	39.3	9	41
45.8526	27.2655	2014	12	2	1.1	19.6	15	20
46.0548	27.2632	2014	12	2	0.9	31.9	16	52
45.941	27.2445	2014	12	2	0.5	30	21	56
45.9175	27.1505	2014	12	3	1.4	30.8	3	33
45.8698	27.1162	2014	12	3	1.0	43.2	12	5
45.8424	27.1865	2014	12	4	1.6	27.3	4	35
45.8665	27.1793	2014	12	4	2.0	23.7	5	39
45.8395	27.1139	2014	12	4	1.0	33.6	6	18
45.8486	27.177	2014	12	6	0.9	39.20	1	34
45.877	27.1509	2014	12	6	1.6	33.70	5	25
45.8715	27.1553	2014	12	6	1.2	33.40	14	50
45.9879	27.2364	2014	12	6	0.9	32.10	18	54
45.8836	27.1714	2014	12	7	4.5	40.60	21	4
45.9453	27.1813	2014	12	7	0.7	43.30	21	39
45.9565	27.2904	2014	12	7	0.4	31.10	21	46
45.9693	27.1386	2014	12	7	1.0	21.60	22	45
46.062	27.1323	2014	12	8	0.3	31.00	0	33
45.873	27.1384	2014	12	8	1.2	36.80	7	45
46.0454	27.2049	2014	12	8	1.4	36.40	14	5
45.9139	27.2048	2014	12	8	1.0	27.50	18	22
45.8825	27.2623	2014	12	9	1.0	29.90	21	32
46.0237	27.2681	2014	12	10	1.1	33.10	8	10
45.9218	27.2441	2014	12	12	1.2	29.40	0	33
45.9553	27.2619	2014	12	14	0.6	31.80	6	3
45.9255	27.207	2014	12	14	0.9	32.60	16	26
45.9274	27.2659	2014	12	15	0.6	39.50	3	17
46.0547	27.2578	2014	12	16	1.7	33.20	14	23
45.928	27.293	2014	12	17	0.5	27.90	1	18
45.8744	27.1677	2014	12	18	1.5	32.50	3	32
45.9363	27.2325	2014	12	21	0.9	39.40	4	7
45.8903	27.1539	2014	12	23	1.6	30.00	2	41
45.8453	27.1996	2015	1	1	2.2	31.70	11	39
45.9956	27.2116	2015	1	1	0.8	25.20	21	38
45.9241	27.1381	2015	1	2	0.7	30.00	1	18
46.0151	27.253	2015	1	2	1.2	35.90	14	13
45.8721	27.1346	2015	1	3	1.6	33.80	16	35
45.882	27.08	2015	1	12	4.2	39.04	6	8
45.8996	27.2155	2015	1	13	0.1	49.90	0	57
45.9905	27.1673	2015	1	13	0.9	26.40	2	56
46.0094	27.1627	2015	1	13	1.3	18.60	3	15
45.9071	27.1098	2015	1	13	1.0	30.20	14	7
45.9532	27.1828	2015	1	13	1.5	31.30	14	21
45.9183	27.1316	2015	1	13	1.2	28.20	23	32
45.9616	27.1533	2015	1	13	1	25.70	23	37
45.906	27.1091	2015	1	13	0.2	30.00   23	41
46.0051	27.244	2015	1	14	1.0	32.20	21	12
45.84	27.1626	2015	1	16	1.7	38.70	15	35
45.8782	27.1483	2015	1	19	3.8	39.80	23	53
45.885	27.1585	2015	1	20	2.2	33.40	2	52
46.0805	27.2421	2015	1	20	0.8	33.30	9	10
45.8714	27.2187	2015	1	21	1.3	38.90	23	36
45.9657	27.1542	2015	1	27	1.1	43.90	3	24
45.8447	27.1559	2015	1	29	2.2	39.40	12	43
45.9277	27.1127	2015	1	30	1.6	28.10	10	48
45.8598	27.1886	2015	2	1	1.6	40.40	17	03
45.9263	27.1685	2015	2	1	1.4	34.00   23	31
