23.1003	45.1199	2023	2	13	5.2	23.1	14	58	8
23.1096	45.1516	2023	2	13	1.9	19.8	15	7	3
23.1744	45.1676	2023	2	13	2.4	12.4	15	13	28
23.1500	45.1834	2023	2	13	2.1	12.8	15	16	25
23.1865	45.1993	2023	2	13	1.7	11.3	15	18	25
23.1699	45.1754	2023	2	13	2.8	11.2	15	21	12
23.1855	45.1886	2023	2	13	1.3	21.1	15	23	51
23.1720	45.1632	2023	2	13	1.7	18.4	15	30	40
23.1910	45.1966	2023	2	13	1.6	18.3	15	36	22
23.1587	45.1672	2023	2	13	3.4	8.2	15	50	16
23.1690	45.1915	2023	2	13	1.8	14.6	16	38	30
23.0693	45.1521	2023	2	13	1.3	18.6	19	33	13
23.1886	45.1696	2023	2	13	1.8	17.1	20	28	32
23.2017	45.1824	2023	2	13	1.4	13.8	21	27	58
23.0847	45.1657	2023	2	13	1.6	14	23	3	8
23.1585	45.1551	2023	2	14	1.6	14.5	3	7	41
23.1002	45.156	2023	2	14	1.6	16.3	4	12	13
23.0884	45.1537	2023	2	14	2	17.9	10	35	56
23.1510	45.1164	2023	2	14	5.7	6.3	13	16	52
23.1302	45.1439	2023	2	14	3.7	3	13	21	38
23.1526	45.1648	2023	2	14	3.7	3.2	13	26	12
23.1510	45.1715	2023	2	14	2.7	3.3	13	28	32
23.1639	45.1552	2023	2	14	3.4	8.3	13	29	53
23.1522	45.1783	2023	2	14	2.6	6.7	13	40	28
23.2000	45.1895	2023	2	14	2.1	16.4	13	44	19
23.2015	45.2023	2023	2	14	2.1	15.9	13	48	21
23.1374	45.1714	2023	2	14	2	4.1	13	54	18
23.0238	45.1284	2023	2	14	2.4	14.7	13	57	15
23.1349	45.1416	2023	2	14	2.8	10.6	14	0	14
23.1027	45.1986	2023	2	14	2.3	13.1	14	2	12
23.1261	45.1831	2023	2	14	2.2	10	14	3	26
23.1169	45.16	2023	2	14	2.3	11.3	14	3	57
23.1216	45.1633	2023	2	14	1.5	11.5	14	5	28
23.1081	45.1596	2023	2	14	1.8	11.8	14	6	38
23.1820	45.1827	2023	2	14	1.8	14.2	14	8	48
23.1457	45.1661	2023	2	14	2	11.9	14	9	45
23.1014	45.1476	2023	2	14	2.1	17.3	14	10	43
23.1546	45.178	2023	2	14	1.9	14.3	14	12	51
23.1798	45.1868	2023	2	14	1.6	16.1	14	14	2
23.0648	45.1576	2023	2	14	1.7	11	14	15	39
23.1296	45.1758	2023	2	14	1.8	18.6	14	17	7
23.0947	45.1466	2023	2	14	2	13.5	14	17	38
23.1365	45.1652	2023	2	14	1.6	17.4	14	19	13
23.0877	45.1533	2023	2	14	2	11.8	14	21	0
23.1320	45.1395	2023	2	14	2.8	6.6	14	25	53
23.0802	45.1139	2023	2	14	2	17.3	14	30	41
23.0963	45.1605	2023	2	14	2.3	11.4	14	33	3
23.1489	45.1749	2023	2	14	2	17.1	14	34	15
23.1322	45.1694	2023	2	14	2.9	10.8	14	34	47
23.1993	45.1664	2023	2	14	1.7	4.6	14	40	19
23.1133	45.1752	2023	2	14	2	12.2	14	42	1
23.1443	45.1572	2023	2	14	2.2	10.4	14	45	16
23.0728	45.1447	2023	2	14	2.2	12.5	14	48	4
23.1208	45.1431	2023	2	14	1.8	15.7	14	49	41
23.1047	45.1662	2023	2	14	1.6	13.3	14	52	55
23.1004	45.1549	2023	2	14	1.8	11.3	14	54	11
23.1751	45.1756	2023	2	14	1.8	10.9	14	56	51
23.1118	45.1489	2023	2	14	1.7	12.2	15	0	15
23.1360	45.1673	2023	2	14	2.2	15.4	15	1	12
23.2021	45.184	2023	2	14	2.3	14.1	15	4	32
23.1791	45.1966	2023	2	14	1.6	22.4	15	7	1
23.1346	45.1716	2023	2	14	2	13.7	15	8	19
23.0079	45.1361	2023	2	14	1.6	16.9	15	10	26
23.1601	45.1119	2023	2	14	2.8	11.2	15	12	51
23.2042	45.1694	2023	2	14	1.5	24.6	15	17	43
23.1173	45.1642	2023	2	14	1.8	15.7	15	21	39
23.1463	45.1526	2023	2	14	4.2	12	15	24	29
23.0917	45.1596	2023	2	14	1.7	7.7	15	29	41
23.0985	45.1568	2023	2	14	1.6	10.9	15	30	22
23.1099	45.1531	2023	2	14	1.7	11.7	15	31	27
23.1284	45.1755	2023	2	14	2.2	14	15	34	0
23.1880	45.1912	2023	2	14	1.8	12.5	15	35	53
23.1690	45.1785	2023	2	14	1.8	12.8	15	39	50
23.0880	45.1181	2023	2	14	3.8	10.9	15	47	34
23.0765	45.155	2023	2	14	1.6	16.7	15	50	44
23.2029	45.1854	2023	2	14	1.8	13.8	15	54	24
23.1071	45.1356	2023	2	14	2.2	14.5	15	59	56
23.1857	45.1527	2023	2	14	1.8	19.2	16	1	38
23.1341	45.1618	2023	2	14	2.1	4.8	16	4	15
23.1597	45.1526	2023	2	14	2.9	4	16	5	31
23.0867	45.1683	2023	2	14	2	12.7	16	12	54
23.1943	45.1563	2023	2	14	1.8	13.6	16	15	38
23.1460	45.1495	2023	2	14	2.4	5.1	16	23	17
23.1599	45.1698	2023	2	14	1.7	3	16	35	37
23.0968	45.1425	2023	2	14	1.8	15.6	16	36	40
23.1217	45.1414	2023	2	14	1.5	12.1	16	39	56
23.1518	45.1688	2023	2	14	1.5	15	16	47	28
23.1674	45.168	2023	2	14	2	17.4	16	52	3
23.1296	45.1499	2023	2	14	1.6	11.5	16	57	20
23.1529	45.1506	2023	2	14	1.8	13.8	17	5	43
23.1938	45.1179	2023	2	14	2	12.4	17	7	27
23.1083	45.1404	2023	2	14	2	12.1	17	8	53
23.1098	45.1376	2023	2	14	1.5	10.9	17	12	52
23.0967	45.1603	2023	2	14	2.3	19.6	17	17	54
23.1101	45.1523	2023	2	14	2.3	15.7	17	24	41
23.1137	45.1623	2023	2	14	1.9	13.6	17	26	8
23.1002	45.1491	2023	2	14	2	12.3	17	29	55
23.1556	45.1655	2023	2	14	2.4	13.2	17	34	36
23.0969	45.1523	2023	2	14	2	13.5	17	50	4
23.1360	45.1561	2023	2	14	1.8	7.6	17	52	23
23.0245	45.1366	2023	2	14	1.4	16.4	17	54	14
23.1312	45.1631	2023	2	14	3.4	3	17	59	16
23.1612	45.1784	2023	2	14	2.6	3.1	18	2	38
23.1286	45.1758	2023	2	14	2.3	12.8	18	4	17
23.0825	45.153	2023	2	14	1.8	6.5	18	6	4
23.1058	45.144	2023	2	14	2.6	12.2	18	9	49
23.1299	45.1661	2023	2	14	1.5	22.4	18	12	17
23.1352	45.1807	2023	2	14	1.9	12.8	18	16	11
23.0500	45.1569	2023	2	14	1.8	14.5	18	18	24
23.0984	45.1509	2023	2	14	1.6	11.5	18	20	15
23.1085	45.1475	2023	2	14	1.8	10.7	18	21	36
23.0967	45.1506	2023	2	14	1.7	12.6	18	24	59
23.1539	45.1361	2023	2	14	1.2	15.9	18	25	59
23.1465	45.1429	2023	2	14	1.5	13.9	18	26	43
23.1101	45.1159	2023	2	14	1.4	8.1	18	29	41
23.1421	45.1605	2023	2	14	1.5	5.9	18	31	48
23.1154	45.1518	2023	2	14	1.6	11.8	18	39	21
23.1010	45.146	2023	2	14	2.8	12.4	18	42	5
23.1053	45.1569	2023	2	14	2.2	15.2	18	44	34
23.0517	45.1311	2023	2	14	1.5	16.8	18	47	44
23.1413	45.1025	2023	2	14	1.6	13	18	48	17
23.1157	45.112	2023	2	14	1.7	12.2	18	53	1
23.1426	45.1092	2023	2	14	1.7	14.4	18	54	31
23.1251	45.1833	2023	2	14	1.5	16.4	18	55	15
23.1262	45.1538	2023	2	14	1.8	7.4	19	4	30
23.1194	45.1699	2023	2	14	1.6	1.4	19	10	42
23.2179	45.1781	2023	2	14	2.5	7.3	19	14	31
23.0330	45.1556	2023	2	14	1.3	11.5	19	20	56
23.1167	45.1743	2023	2	14	1.9	13.5	19	22	10
23.0967	45.1516	2023	2	14	2.1	14.6	19	24	52
23.0675	45.151	2023	2	14	2	5.2	19	26	55
23.1727	45.1938	2023	2	14	1.8	11	19	28	46
23.0527	45.1414	2023	2	14	1.7	11.6	19	31	2
23.0628	45.1555	2023	2	14	2.1	11.5	19	34	39
23.0975	45.1548	2023	2	14	2.3	12.1	19	46	4
23.1811	45.1922	2023	2	14	1.9	11.5	19	51	23
23.0739	45.1598	2023	2	14	1.5	11.3	19	53	17
23.1741	45.1703	2023	2	14	1.3	16.3	19	55	11
23.0714	45.1455	2023	2	14	1.6	5.9	20	7	28
23.1773	45.1738	2023	2	14	2.1	13.3	20	9	2
23.1028	45.1714	2023	2	14	2.3	14.3	20	15	5
23.1450	45.1423	2023	2	14	1.7	22.8	20	22	40
23.1950	45.1702	2023	2	14	3.7	2.4	20	32	37
23.1284	45.1599	2023	2	14	3.1	3.5	20	40	22
23.1168	45.1796	2023	2	14	1.8	12.3	20	45	14
23.2182	45.2526	2023	2	14	1.6	17.6	20	45	49
23.1014	45.1454	2023	2	14	1.4	5	20	50	34
23.1471	45.1393	2023	2	14	1.4	7.1	20	55	17
23.1097	45.1348	2023	2	14	1.4	16.6	20	56	18
23.1157	45.1256	2023	2	14	1.3	15.7	21	7	16
23.1122	45.1392	2023	2	14	1.4	5.1	21	14	25
23.1963	45.1791	2023	2	14	2	4.7	21	19	25
23.1555	45.1708	2023	2	14	1.8	7.3	21	24	6
23.1442	45.1514	2023	2	14	2.4	9.1	21	26	23
23.1217	45.1567	2023	2	14	1.4	7.8	21	29	26
23.1311	45.1651	2023	2	14	1.4	5.5	21	38	43
23.1282	45.1223	2023	2	14	1.4	13	21	47	14
23.1455	45.1284	2023	2	14	3	4.1	21	51	45
23.1868	45.1564	2023	2	14	1.6	6.8	22	6	46
23.1387	45.1473	2023	2	14	1.3	12.8	22	10	17
23.2015	45.1705	2023	2	14	2	6.5	22	14	3
23.1227	45.1415	2023	2	14	1.4	5.2	22	17	57
23.1085	45.1048	2023	2	14	1.4	5.5	22	19	23
23.2149	45.1851	2023	2	14	2.6	3.5	22	25	51
23.2061	45.1977	2023	2	14	1.8	11.7	22	31	18
23.2057	45.187	2023	2	14	2.5	4.3	22	34	38
23.0976	45.1598	2023	2	14	2.4	16.3	22	38	42
23.1753	45.1177	2023	2	14	1.2	15	22	51	38
23.1963	45.1753	2023	2	14	1.2	5.7	22	52	28
23.1191	45.1125	2023	2	14	1.3	15.8	22	54	12
23.1249	45.1643	2023	2	14	1.4	6.1	23	5	19
23.0996	45.1763	2023	2	14	1.8	7.6	23	10	15
23.1624	45.2063	2023	2	14	1.3	8.1	23	14	4
23.0995	45.1672	2023	2	14	1.4	13.5	23	15	8
23.1099	45.159	2023	2	14	2.1	14	23	17	12
23.0990	45.1429	2023	2	14	1.5	6.5	23	19	57
23.1274	45.1594	2023	2	14	1.6	14.3	23	23	13
23.1154	45.1596	2023	2	14	1.3	8.5	23	26	12
23.1897	45.2002	2023	2	14	2	8.2	23	28	26
23.1152	45.1563	2023	2	14	2.4	11	23	30	37
23.1833	45.1301	2023	2	14	2.5	2	23	40	0
23.1271	45.1427	2023	2	14	1.4	17.1	23	47	38
23.0852	45.1661	2023	2	14	1.4	4.4	23	54	6
23.1607	45.1913	2023	2	14	1.9	10.2	23	57	50
23.1820	45.172	2023	2	15	1.4	12.2	0	3	59
23.0966	45.1553	2023	2	15	1.6	13.5	0	6	22
23.1046	45.1361	2023	2	15	2.7	3.5	0	9	24
23.1291	45.1542	2023	2	15	2.2	11.8	0	16	9
23.1163	45.1686	2023	2	15	2	13.2	0	21	13
23.1959	45.1624	2023	2	15	1.3	6.4	0	25	28
23.0782	45.1511	2023	2	15	1.4	10.4	0	28	14
23.1234	45.1508	2023	2	15	1.3	4.6	0	29	8
23.1228	45.1249	2023	2	15	3.3	3.9	0	30	22
23.1100	45.1267	2023	2	15	1.4	4.7	0	40	44
23.2180	45.1508	2023	2	15	1	5.7	0	41	41
23.0968	45.1338	2023	2	15	1.3	7.5	0	56	1
23.1367	45.1568	2023	2	15	2.5	3.3	1	1	40
23.1268	45.1332	2023	2	15	1.3	13.3	1	19	0
23.0909	45.1153	2023	2	15	1.2	12	1	26	38
23.1155	45.1381	2023	2	15	1	12.4	1	27	39
23.1151	45.1302	2023	2	15	1.3	11.2	1	28	52
23.1100	45.1232	2023	2	15	1.3	14	1	32	25
23.1325	45.1117	2023	2	15	1.7	5	1	41	21
23.1246	45.0937	2023	2	15	1.5	10.6	1	42	51
23.1070	45.16	2023	2	15	1.4	7.9	1	50	16
23.1578	45.1627	2023	2	15	1.7	14.1	1	53	6
23.1892	45.1699	2023	2	15	2.2	13.1	1	56	5
23.1257	45.1632	2023	2	15	1.5	13.4	2	0	1
23.1949	45.147	2023	2	15	1.5	14.5	2	2	13
23.1166	45.1501	2023	2	15	2.9	3.4	2	4	27
23.1170	45.1515	2023	2	15	1.4	6.6	2	9	24
23.1326	45.1151	2023	2	15	2.1	10.9	2	15	6
23.1138	45.1541	2023	2	15	2.1	10.6	2	19	33
23.1606	45.1646	2023	2	15	1.9	11.7	2	29	44
22.9132	45.1495	2023	2	15	1.4	14.7	2	34	22
23.1901	45.1678	2023	2	15	1.5	14.3	2	36	24
23.0784	45.1499	2023	2	15	1.7	5.5	2	55	44
23.0767	45.1332	2023	2	15	1.8	11.4	3	2	23
23.1457	45.1107	2023	2	15	1.5	13.2	3	15	48
23.1364	45.1643	2023	2	15	2.2	11.8	3	28	30
23.1758	45.149	2023	2	15	1.8	7.2	3	48	18
23.0936	45.1544	2023	2	15	1.8	11.5	3	56	44
23.1112	45.1462	2023	2	15	1.5	7	4	7	11
23.1195	45.1251	2023	2	15	1.4	11.8	4	19	27
23.1322	45.1033	2023	2	15	1.5	12.6	4	26	0
23.1541	45.1373	2023	2	15	1.7	12.7	4	39	17
23.0915	45.1601	2023	2	15	1.7	7.6	5	1	12
23.1340	45.1248	2023	2	15	1.4	13.4	5	20	23
23.0276	45.1529	2023	2	15	1.7	17.2	5	29	1
23.0276	45.1503	2023	2	15	1.6	17.2	5	32	30
23.1266	45.1647	2023	2	15	1.4	15.2	6	6	58
23.1011	45.1533	2023	2	15	2.2	16.8	6	8	46
23.1051	45.1599	2023	2	15	1.6	10.7	6	15	1
23.1231	45.1441	2023	2	15	2.2	12.6	6	26	57
23.1587	45.1723	2023	2	15	1.3	4	6	34	20
23.0619	45.1474	2023	2	15	1.5	16.8	6	37	2
23.2138	45.1885	2023	2	15	1.3	17.4	6	39	6
23.1244	45.1434	2023	2	15	1.7	13.3	6	53	1
23.0966	45.1524	2023	2	15	1.7	16	7	28	38
23.1178	45.1581	2023	2	15	1.6	14	8	9	37
23.1619	45.1663	2023	2	15	2	3	8	22	20
23.1733	45.1666	2023	2	15	1.8	13.2	8	34	11
23.0837	45.1399	2023	2	15	1.6	13.1	9	17	45
23.1421	45.1678	2023	2	15	1.4	12.4	9	23	8
23.1189	45.1516	2023	2	15	1.4	14.1	9	28	32
23.1153	45.1533	2023	2	15	1.7	10.8	9	41	10
23.1504	45.2081	2023	2	15	1.6	11	9	47	40
23.1178	45.1688	2023	2	15	1.7	6.3	10	56	39
23.1574	45.16	2023	2	15	1.7	5.7	11	9	52
23.0890	45.1587	2023	2	15	1.5	12.4	11	20	11
23.0843	45.1847	2023	2	15	1.6	3	11	31	27
23.0875	45.154	2023	2	15	1.7	3	11	35	16
23.0601	45.1391	2023	2	15	1.7	10.1	11	53	53
23.1379	45.1637	2023	2	15	1.6	5	12	2	3
23.1186	45.1829	2023	2	15	1.7	7.8	12	9	2
23.0993	45.1514	2023	2	15	2	3	12	15	33
23.1323	45.1607	2023	2	15	2.1	13.5	12	46	8
23.1116	45.1561	2023	2	15	2.5	17.5	13	2	14
23.0880	45.1526	2023	2	15	1.5	12.7	13	12	36
23.1207	45.1789	2023	2	15	1.9	11.2	14	3	53
23.0993	45.1699	2023	2	15	2	14	14	17	48
23.1529	45.1057	2023	2	15	1.2	19.1	14	56	54
23.0687	45.1122	2023	2	15	1.7	16.1	15	9	49
23.0603	45.1312	2023	2	15	1.2	15.5	15	18	18
23.0577	45.1495	2023	2	15	1.5	16.5	15	29	14
23.1425	45.1107	2023	2	15	1	14.1	15	38	24
23.1197	45.1815	2023	2	15	1.1	7	15	39	17
23.1746	45.141	2023	2	15	1.3	17.5	15	41	5
23.1532	45.128	2023	2	15	1.2	16	15	55	28
23.2116	45.1345	2023	2	15	1.3	18.5	16	2	29
23.1305	45.1154	2023	2	15	1.7	14.2	16	13	32
23.1604	45.1135	2023	2	15	1.2	19.2	16	16	30
23.1666	45.1892	2023	2	15	1.6	9.5	16	18	39
23.0974	45.0214	2023	2	15	1.3	14	16	32	31
23.1330	45.1607	2023	2	15	1.9	17.2	16	49	44
23.0785	45.134	2023	2	15	2.6	19.4	16	51	55
23.1415	45.1241	2023	2	15	1.3	18.8	17	5	14
23.1371	45.0964	2023	2	15	1.5	13.8	17	9	34
23.1309	45.3141	2023	2	15	0.9	18.5	17	11	15
22.9880	45.1471	2023	2	15	1.2	16.1	17	21	34
23.1578	45.1238	2023	2	15	0.9	19.5	17	42	54
23.1437	45.1914	2023	2	15	1.4	15.4	17	48	59
23.1050	45.1455	2023	2	15	1.9	13.5	17	50	25
23.1980	45.2012	2023	2	15	1.2	15.9	17	56	36
23.1635	45.0991	2023	2	15	1	18	18	1	12
23.1316	45.1301	2023	2	15	1	14.6	18	12	13
23.1411	45.1304	2023	2	15	1.2	13.7	18	16	31
23.1105	45.1503	2023	2	15	2	13.9	18	20	50
23.1538	45.1127	2023	2	15	1.3	16.6	18	50	32
23.1448	45.1066	2023	2	15	1.2	13.8	18	54	18
23.1447	45.1615	2023	2	15	1.6	5.7	18	56	37
23.1450	45.1173	2023	2	15	3.2	5	19	2	35
23.1867	45.1664	2023	2	15	1.5	15.4	19	6	20
23.1600	45.1435	2023	2	15	1.4	14	19	7	30
23.1473	45.1709	2023	2	15	1.2	10.1	19	8	34
23.0874	45.1166	2023	2	15	2.9	5	19	23	31
23.1968	45.1833	2023	2	15	1.4	17.4	19	28	45
23.1997	45.1513	2023	2	15	1	13	19	35	51
23.1636	45.1694	2023	2	15	1.4	6.1	19	45	46
23.1139	45.1572	2023	2	15	2.2	7.9	20	2	55
23.0949	45.1555	2023	2	15	1.7	15.7	20	9	35
23.1089	45.1758	2023	2	15	1.7	7.9	20	17	2
23.1081	45.1473	2023	2	15	1.3	12.7	20	21	0
23.0903	45.1596	2023	2	15	1.3	12.5	20	22	53
23.1955	45.1836	2023	2	15	1.8	16	20	24	51
23.1534	45.1609	2023	2	15	0.7	17.6	20	41	36
23.0581	45.1283	2023	2	15	0.9	19.4	20	45	55
23.1915	45.1742	2023	2	15	1	17.8	20	48	9
23.1285	45.1143	2023	2	15	1.2	21.7	20	56	46
23.1807	45.1934	2023	2	15	0.9	18	20	58	16
23.1491	45.1455	2023	2	15	1.1	19.1	21	0	9
23.1287	45.1248	2023	2	15	1	23.2	21	5	0
23.3359	45.2933	2023	2	15	1.2	18.2	21	10	31
23.1283	45.1516	2023	2	15	2.2	10.6	21	13	21
23.0579	45.1348	2023	2	15	1.6	11.8	21	26	12
23.0657	45.1098	2023	2	15	3.9	6.4	21	28	28
23.0920	45.1628	2023	2	15	3.3	12.1	21	31	24
23.1447	45.1571	2023	2	15	1.2	21.7	21	35	58
23.1226	45.1434	2023	2	15	2	11.7	21	38	4
23.0739	45.1564	2023	2	15	1.6	13.9	21	42	46
23.0761	45.1601	2023	2	15	1.9	13.3	21	46	16
23.1214	45.1365	2023	2	15	0.9	19	21	55	20
23.1181	45.1466	2023	2	15	1.3	18	21	58	12
23.1303	45.1448	2023	2	15	1.5	16.6	22	1	12
23.0229	45.0878	2023	2	15	1.2	15.8	22	5	13
23.2140	45.1629	2023	2	15	1.5	16.7	22	7	57
23.1324	45.1336	2023	2	15	0.9	21.3	22	11	8
23.1198	45.1536	2023	2	15	1.2	16.4	22	18	17
23.0627	45.1439	2023	2	15	1.5	12	22	24	28
23.1847	45.1307	2023	2	15	1.1	24.4	22	38	17
23.0743	45.1571	2023	2	15	1.6	12.3	22	45	9
23.0671	45.1402	2023	2	15	1.6	14.8	22	52	3
23.1203	45.1701	2023	2	15	1.3	15.6	22	53	2
23.1607	45.1612	2023	2	15	1.8	15.3	23	10	26
23.1489	45.1414	2023	2	15	1.5	21.4	23	13	6
23.1028	45.1546	2023	2	15	1.9	13.6	23	13	39
23.1107	45.1428	2023	2	15	2.3	6.3	23	20	16
23.1793	45.1902	2023	2	15	2.1	3	23	29	49
23.1298	45.1642	2023	2	15	1.6	19.3	23	32	39
23.0601	45.1619	2023	2	15	1.2	11.9	23	36	54
23.1320	45.1653	2023	2	15	1.8	13.9	23	39	30
23.0649	45.1491	2023	2	15	1.6	10.2	23	47	0
23.1359	45.1873	2023	2	15	1.1	17.6	23	50	57
23.1477	45.1339	2023	2	15	1.2	20.9	23	56	42
23.0980	45.1469	2023	2	16	1.9	8.4	0	9	4
23.1230	45.1282	2023	2	16	2.6	3.1	0	14	52
23.1073	45.1722	2023	2	16	1.5	13.3	0	24	20
23.1638	45.1767	2023	2	16	1	15.9	0	26	51
23.1346	45.0954	2023	2	16	1.2	21.8	0	27	25
23.1990	45.1449	2023	2	16	1.4	17	0	37	57
23.1688	45.1573	2023	2	16	1.2	13.9	0	44	54
23.1019	45.1608	2023	2	16	1.6	12.9	0	46	43
23.1321	45.1499	2023	2	16	0.9	17.5	0	48	9
23.1097	45.1446	2023	2	16	1.2	14.7	0	56	55
23.0821	45.1241	2023	2	16	4.2	12.6	1	7	6
23.1172	45.1759	2023	2	16	1.5	13.1	1	18	45
23.1393	45.1577	2023	2	16	1.1	17.2	1	20	15
23.0878	45.163	2023	2	16	1.7	13.1	1	26	22
23.1706	45.1307	2023	2	16	1	24.2	1	28	45
23.0511	45.1351	2023	2	16	1	13.8	1	36	38
23.1159	45.1418	2023	2	16	1.2	16.1	1	47	1
23.0920	45.1717	2023	2	16	1.3	12.5	1	51	13
23.1253	45.1473	2023	2	16	1.1	17.6	1	58	39
23.1357	45.1557	2023	2	16	1.1	19.9	2	15	54
23.1323	45.1305	2023	2	16	1.2	16.8	2	16	39
23.0969	45.1257	2023	2	16	3.4	7.3	2	29	33
23.0578	45.1457	2023	2	16	1.4	9.1	3	5	41
23.1438	45.1516	2023	2	16	1.1	20.7	3	13	52
23.1125	45.1644	2023	2	16	1.6	16.6	3	15	41
23.1943	45.1596	2023	2	16	1	19.6	3	18	13
23.2071	45.1864	2023	2	16	0.9	17.1	3	19	43
23.1389	45.1578	2023	2	16	0.9	20.4	3	30	31
23.0542	45.1379	2023	2	16	1.2	12.4	3	33	54
23.1651	45.1776	2023	2	16	1.8	15.3	3	35	27
23.1009	45.1677	2023	2	16	1.4	16.2	3	39	22
23.1759	45.1399	2023	2	16	1.1	16.6	3	41	1
23.0828	45.1245	2023	2	16	0.8	17.4	3	44	8
23.1723	45.1431	2023	2	16	1.3	16.3	3	48	47
23.1455	45.1546	2023	2	16	1.2	19.8	3	53	47
23.1126	45.1658	2023	2	16	1.2	15.8	4	1	42
23.1028	45.1435	2023	2	16	1.4	13.9	4	2	39
23.0981	45.1315	2023	2	16	0.6	18.6	4	18	50
23.1405	45.1162	2023	2	16	1.2	12.3	4	20	31
23.1854	45.143	2023	2	16	1.2	19.6	4	28	9
23.0730	45.1092	2023	2	16	1.5	12.4	4	33	12
23.1373	45.1607	2023	2	16	1.5	14.2	4	34	34
23.1119	45.1665	2023	2	16	1.2	16.3	4	36	3
23.1194	45.1478	2023	2	16	1	17	4	41	6
23.0862	45.1421	2023	2	16	1.2	15	4	42	56
23.0076	45.1063	2023	2	16	1.2	11.9	4	44	5
23.1238	45.1517	2023	2	16	1.3	17	4	51	17
23.1819	45.1742	2023	2	16	1.4	13	4	54	27
23.0753	45.1655	2023	2	16	1.6	13.6	5	0	12
23.0735	45.1129	2023	2	16	1.4	14.7	5	11	2
23.0392	45.0865	2023	2	16	0.7	14.3	5	14	57
23.0835	45.1703	2023	2	16	1.7	13.6	5	19	13
23.1698	45.1657	2023	2	16	1	14.3	5	21	28
23.1071	45.1533	2023	2	16	1.6	14.2	5	51	58
23.1271	45.1778	2023	2	16	2.2	14.4	5	55	50
23.0686	45.0891	2023	2	16	1	15.6	6	2	58
23.1361	45.1798	2023	2	16	2.7	6.7	6	21	25
23.1042	45.1635	2023	2	16	1.3	13.2	6	25	21
23.1199	45.1611	2023	2	16	1.5	13.3	6	26	4
23.0464	45.1582	2023	2	16	1.4	10.8	6	30	20
23.0894	45.1513	2023	2	16	1.6	16.5	7	1	13
23.1370	45.1682	2023	2	16	1.3	15.5	7	11	31
23.0707	45.1641	2023	2	16	1.5	14.1	7	15	12
23.1677	45.1796	2023	2	16	1.9	13.8	7	17	33
23.1697	45.202	2023	2	16	1.5	17.1	7	35	16
23.1605	45.1722	2023	2	16	1.8	15.5	7	41	21
23.0864	45.1738	2023	2	16	1.4	10.4	7	43	10
23.1842	45.1618	2023	2	16	1.3	17.9	7	49	11
23.0942	45.1779	2023	2	16	1.6	13.1	8	9	52
23.0600	45.1567	2023	2	16	1.9	12.3	8	11	51
23.0665	45.136	2023	2	16	1.2	15.9	8	16	1
23.1584	45.1632	2023	2	16	1.5	22.6	8	26	20
23.1266	45.1717	2023	2	16	1.1	11.3	8	52	33
23.0268	45.1469	2023	2	16	1.4	15.5	8	55	20
23.0696	45.1647	2023	2	16	1.5	13.6	8	56	49
23.1240	45.1735	2023	2	16	1.8	13.6	9	29	55
23.1774	45.1539	2023	2	16	1.3	14.5	9	32	32
23.1447	45.1862	2023	2	16	1.7	18.4	9	48	26
23.0583	45.1379	2023	2	16	1.9	10	10	8	57
23.0557	45.1703	2023	2	16	2.2	10.5	10	27	17
23.1037	45.1604	2023	2	16	1.5	17.3	10	28	26
23.0667	45.1585	2023	2	16	2.3	12.5	11	0	11
23.1046	45.124	2023	2	16	1.6	19.2	11	1	42
23.1152	45.1607	2023	2	16	1.4	19.7	11	21	18
23.0917	45.1355	2023	2	16	1.4	15.7	11	25	12
23.1366	45.1463	2023	2	16	1.1	20.4	12	6	14
23.0742	45.1787	2023	2	16	2.5	11.5	12	38	8
23.1187	45.1153	2023	2	16	1.7	17.5	12	57	51
23.1114	45.1381	2023	2	16	1.1	18.2	13	3	16
23.0949	45.1412	2023	2	16	1.8	11.1	13	32	11
23.1162	45.1506	2023	2	16	1.7	17.2	13	43	58
23.0637	45.1615	2023	2	16	2.6	13.6	13	54	4
23.1705	45.1537	2023	2	16	1.1	18.2	14	20	51
23.2145	45.1805	2023	2	16	1.1	17.5	14	35	46
23.0594	45.1416	2023	2	16	1.7	14	14	48	59
23.1422	45.1514	2023	2	16	1	18.5	14	57	47
23.1519	45.2214	2023	2	16	0.9	0	15	24	25
23.1588	45.2128	2023	2	16	1	10.9	15	28	53
23.1590	45.1492	2023	2	16	1.3	22.1	16	8	12
23.1387	45.1731	2023	2	16	0.8	19.2	16	12	22
23.2073	45.1659	2023	2	16	1.1	21.2	16	19	14
23.1934	45.1696	2023	2	16	2.2	16.8	16	24	7
23.1142	45.1802	2023	2	16	1.3	12.4	16	52	28
23.0502	45.1617	2023	2	16	1.8	11.4	17	4	45
23.0979	45.1576	2023	2	16	1.5	15.5	17	27	57
23.1202	45.1353	2023	2	16	1.8	11.1	17	54	21
23.1042	45.1595	2023	2	16	1.3	16.9	18	1	54
23.1263	45.1615	2023	2	16	1.6	18.7	18	2	49
23.1279	45.15	2023	2	16	1.7	14.4	18	3	40
23.1214	45.1092	2023	2	16	1.9	8.7	18	4	28
23.1693	45.1483	2023	2	16	1.6	17.7	18	16	14
23.0673	45.1253	2023	2	16	1.7	16.3	18	24	9
23.1170	45.1718	2023	2	16	1.1	19.3	18	31	47
23.0880	45.143	2023	2	16	1.3	17.4	18	34	2
23.1396	45.1594	2023	2	16	1.3	20.5	18	51	2
23.1962	45.1492	2023	2	16	1.2	19.3	19	4	42
23.0946	45.1423	2023	2	16	1.7	13.7	19	13	39
23.0835	45.1363	2023	2	16	1	16.7	19	26	53
23.0578	45.145	2023	2	16	1.3	11.9	19	32	52
23.1186	45.1476	2023	2	16	2.9	11.3	19	54	35
23.1096	45.1543	2023	2	16	1.3	17.8	20	4	38
23.0857	45.1262	2023	2	16	2	14.4	20	7	4
23.1260	45.1562	2023	2	16	1.3	20.1	20	19	0
23.0420	45.1575	2023	2	16	1.7	6.5	20	27	25
23.0778	45.1614	2023	2	16	3.1	10.1	20	56	31
23.1448	45.1551	2023	2	16	1.2	14.8	21	4	40
23.1425	45.1719	2023	2	16	1.4	19.2	21	9	53
23.1496	45.1195	2023	2	16	1.3	16.1	21	15	37
23.1423	45.1723	2023	2	16	1.2	16	21	19	37
23.1393	45.1097	2023	2	16	1.3	18	21	38	44
23.1053	45.1655	2023	2	16	1.5	15.4	21	39	51
23.0961	45.1624	2023	2	16	1.7	16.4	21	49	18
23.0713	45.159	2023	2	16	2.5	12.3	21	55	0
23.0899	45.143	2023	2	16	2.9	3	22	18	47
23.1438	45.1771	2023	2	16	1.5	16.7	22	29	38
23.1341	45.1458	2023	2	16	1.2	21	22	53	34
23.0824	45.1055	2023	2	16	1.2	7.2	23	3	30
23.1272	45.1705	2023	2	16	1.4	11	23	15	28
23.1327	45.1853	2023	2	16	1.2	16.3	23	27	16
23.0703	45.1471	2023	2	16	1.1	14.1	23	38	3
23.0642	45.1494	2023	2	16	1.1	11.3	23	42	49
23.1217	45.1555	2023	2	17	1.7	12.6	0	7	2
23.1868	45.1878	2023	2	17	0.3	14.4	0	14	6
23.1179	45.1457	2023	2	17	1	16.3	0	16	42
23.2508	45.1947	2023	2	17	0.4	16.4	0	17	16
23.2130	45.1247	2023	2	17	1	20.2	0	17	53
23.1802	45.1773	2023	2	17	0.9	9	0	27	2
23.0961	45.1272	2023	2	17	1.2	15.6	0	27	32
23.0783	45.1415	2023	2	17	1.3	13	0	41	37
23.0756	45.1395	2023	2	17	1.2	11.7	0	43	42
23.0971	45.1636	2023	2	17	1.1	13.8	0	46	7
23.1534	45.1539	2023	2	17	0.2	16.4	0	47	15
23.1333	45.1861	2023	2	17	1.4	15.8	1	16	38
23.1577	45.1766	2023	2	17	0.2	16.9	1	19	23
23.0605	45.1182	2023	2	17	0.8	13.8	1	20	7
23.1828	45.1486	2023	2	17	0.2	19.5	1	21	39
23.1563	45.175	2023	2	17	0.2	16.9	1	24	4
23.1674	45.1888	2023	2	17	1.2	17.4	1	24	34
23.0988	45.1536	2023	2	17	1	16.2	1	26	31
23.1493	45.1851	2023	2	17	1.5	12.2	1	30	25
23.1757	45.1554	2023	2	17	0.4	15.9	1	31	3
23.1419	45.143	2023	2	17	0.6	20	1	43	0
23.0855	45.1254	2023	2	17	0.9	16.2	1	45	19
23.1628	45.1758	2023	2	17	1.2	12.5	1	52	4
23.1785	45.1938	2023	2	17	0.5	18.3	1	53	5
23.0951	45.1432	2023	2	17	1.3	15.9	1	59	50
23.1183	45.1569	2023	2	17	1.2	10.6	2	12	31
23.1634	45.1617	2023	2	17	0.3	14.9	2	14	40
23.0694	45.1585	2023	2	17	1.5	12.1	2	22	48
23.1367	45.1669	2023	2	17	0.2	16.3	2	24	47
23.1051	45.1483	2023	2	17	0.5	14.5	2	38	19
23.0896	45.1011	2023	2	17	0.6	17.3	2	53	11
23.1552	45.1422	2023	2	17	0.4	15.3	2	54	16
23.1210	45.1422	2023	2	17	0.2	16.7	2	56	53
23.1246	45.1585	2023	2	17	0	16.8	2	58	23
23.0923	45.1324	2023	2	17	0.8	15.8	3	23	30
23.1817	45.2025	2023	2	17	0.7	17.6	3	28	40
23.1332	45.175	2023	2	17	1.6	14.1	3	31	8
23.1115	45.1694	2023	2	17	1.1	16.5	3	50	33
23.1700	45.1734	2023	2	17	1.2	14.4	3	53	17
23.0720	45.1447	2023	2	17	1.8	12.9	4	12	22
23.1474	45.1739	2023	2	17	0.7	14.7	4	31	58
23.1393	45.1574	2023	2	17	0.8	16.8	4	46	19
23.1671	45.1691	2023	2	17	1.2	17.4	4	47	20
23.1323	45.1614	2023	2	17	1	15.7	4	48	50
23.1273	45.1146	2023	2	17	0.9	20.7	4	56	52
23.0725	45.1683	2023	2	17	2.3	7.8	5	8	3
23.1699	45.1701	2023	2	17	0.7	16.1	5	20	52
23.1626	45.1382	2023	2	17	0.7	19.2	5	29	25
23.1185	45.1449	2023	2	17	1.6	17.9	5	32	23
23.0931	45.1381	2023	2	17	1.3	17.6	5	46	41
23.0860	45.1435	2023	2	17	2	13.8	6	53	29
23.1530	45.1126	2023	2	17	0.9	19.4	6	57	53
23.1992	45.15	2023	2	17	0.7	19.9	7	3	56
23.1733	45.1592	2023	2	17	1.3	21.1	7	24	54
23.1088	45.1359	2023	2	17	1.7	16	7	26	50
23.2650	45.2372	2023	2	17	1.6	13	7	33	46
23.1678	45.1618	2023	2	17	1.3	17.3	7	36	22
23.1463	45.2002	2023	2	17	1.1	10.6	7	45	53
23.1575	45.1717	2023	2	17	1	17.3	7	55	27
23.0316	45.114	2023	2	17	1.1	10.6	8	3	4
23.1898	45.1856	2023	2	17	0.4	18	8	24	9
23.1525	45.1584	2023	2	17	1.5	19.3	8	29	53
23.1543	45.1964	2023	2	17	1.2	17.3	8	40	31
23.0937	45.1341	2023	2	17	1.6	13.8	8	57	16
23.0884	45.1241	2023	2	17	4.3	8.7	9	11	41
23.1708	45.1465	2023	2	17	1.5	18.4	9	15	6
23.1532	45.1358	2023	2	17	1.5	19.2	9	17	15
23.1461	45.1442	2023	2	17	1.2	22.4	9	18	25
23.1342	45.0587	2023	2	17	1	26.3	9	21	22
23.0764	45.0948	2023	2	17	1.5	10.1	9	24	6
23.1324	45.1174	2023	2	17	1.6	14.4	9	26	33
23.0891	45.2127	2023	2	17	1.3	16.3	9	32	16
23.1328	45.1462	2023	2	17	1.4	18.2	9	33	35
23.1064	45.1519	2023	2	17	1.2	15.8	9	37	59
23.1303	45.1136	2023	2	17	1.3	18.6	9	43	29
23.1412	45.1402	2023	2	17	1.2	20.9	9	44	1
23.1406	45.1841	2023	2	17	0.7	7.9	9	44	59
23.1166	45.1535	2023	2	17	1.7	15.2	9	56	35
23.1317	45.1473	2023	2	17	0.8	16.3	9	59	11
23.1344	45.1474	2023	2	17	0.9	16.8	10	4	58
23.1314	45.1791	2023	2	17	1.5	16.4	10	6	2
23.1125	45.1288	2023	2	17	0.8	14.6	10	25	14
23.0901	45.1484	2023	2	17	1	15.8	10	34	57
23.1547	45.1519	2023	2	17	1.1	16.4	10	36	9
23.1175	45.1479	2023	2	17	1.5	13	10	50	6
23.1172	45.1476	2023	2	17	1.5	14.1	11	0	54
23.2104	45.1775	2023	2	17	1.1	16.2	11	2	44
23.0840	45.1204	2023	2	17	1.5	12.5	11	22	51
23.1645	45.1647	2023	2	17	1.4	13.2	11	30	14
23.1565	45.2128	2023	2	17	1.4	15.4	11	58	44
23.1280	45.1583	2023	2	17	0.9	18.7	12	1	36
23.1220	45.1567	2023	2	17	0.8	17.9	12	2	46
23.1378	45.2052	2023	2	17	0.9	10.8	12	7	39
23.1490	45.161	2023	2	17	1.1	19.8	12	28	11
23.1227	45.1383	2023	2	17	1.4	15.6	12	29	0
23.0944	45.1277	2023	2	17	3.1	13.1	12	43	29
23.1585	45.1523	2023	2	17	0.8	18.2	12	54	19
23.2822	45.2063	2023	2	17	0.8	14.6	12	54	58
23.1366	45.1335	2023	2	17	1.2	17.6	13	22	28
23.1697	45.1704	2023	2	17	1.6	16.4	13	36	42
23.1455	45.1676	2023	2	17	0.7	15.4	13	42	24
23.1539	45.1467	2023	2	17	0.9	15.4	14	0	57
23.0894	45.1408	2023	2	17	1.2	13	14	18	5
23.0960	45.1717	2023	2	17	2.2	13.5	14	23	4
23.1115	45.1344	2023	2	17	1.5	14	14	31	43
23.2087	45.1972	2023	2	17	1.1	15.5	14	54	34
23.0584	45.1637	2023	2	17	1.4	11.8	15	19	2
23.1275	45.1523	2023	2	17	1.1	19.6	15	23	34
23.0944	45.147	2023	2	17	2.2	16.8	16	10	49
23.1500	45.1958	2023	2	17	1.9	12	16	24	26
23.1605	45.1347	2023	2	17	0.5	17.6	16	36	21
23.1386	45.1606	2023	2	17	1.1	17.6	16	41	30
23.1230	45.1546	2023	2	17	1.3	18.8	16	51	52
23.1260	45.17	2023	2	17	1	18.2	16	52	35
23.1471	45.18	2023	2	17	1.5	17.5	16	53	40
23.1625	45.1753	2023	2	17	0.5	20.8	16	58	27
23.1586	45.1731	2023	2	17	0.5	18.4	17	4	51
23.1208	45.1543	2023	2	17	0.7	17.3	17	9	52
23.0945	45.1055	2023	2	17	0.7	15.7	17	17	44
23.0924	45.1497	2023	2	17	1.5	15.7	17	22	27
23.0941	45.0786	2023	2	17	0.5	19.4	17	36	19
23.1304	45.1539	2023	2	17	0.5	16.1	17	41	1
23.1597	45.1749	2023	2	17	0.6	18.4	17	44	30
23.2653	45.2167	2023	2	17	0.7	22.4	17	48	21
23.0931	45.1434	2023	2	17	0.7	16.5	17	56	45
23.0999	45.1345	2023	2	17	0.4	17.3	18	1	3
23.0823	45.1272	2023	2	17	0.8	15.9	18	30	47
23.1253	45.1308	2023	2	17	0.6	16.1	18	31	22
23.1489	45.1583	2023	2	17	1.4	15.2	18	37	20
23.1297	45.1534	2023	2	17	0.8	15.6	18	43	9
23.0846	45.1325	2023	2	17	2.3	16.7	19	1	48
23.1076	45.163	2023	2	17	1.4	16	19	5	49
23.1596	45.1272	2023	2	17	1.4	18.7	19	7	53
23.1219	45.1413	2023	2	17	1	15.8	19	23	15
23.1455	45.1484	2023	2	17	0.8	20.3	19	26	4
23.0956	45.1844	2023	2	17	1.4	13.1	19	32	55
23.1049	45.1638	2023	2	17	0.8	15.7	19	34	38
23.1563	45.1778	2023	2	17	0.6	14.8	19	35	44
23.0978	45.1208	2023	2	17	0.4	17.5	19	37	41
23.1484	45.1469	2023	2	17	1.1	18.1	19	40	9
23.1663	45.171	2023	2	17	0.3	16	19	50	29
23.1202	45.2202	2023	2	17	0.7	22.9	19	51	11
23.1320	45.1486	2023	2	17	0.8	17	19	57	41
23.1536	45.1555	2023	2	17	0.7	15.1	20	0	16
23.1002	45.1672	2023	2	17	1.3	15.5	20	28	45
23.0955	45.1378	2023	2	17	0.4	16.2	20	36	17
23.1733	45.159	2023	2	17	0.9	14.5	20	37	24
23.1028	45.1415	2023	2	17	0.7	17.5	20	40	57
23.1447	45.1677	2023	2	17	0.6	15.6	20	42	54
23.1449	45.1627	2023	2	17	0.4	15.9	20	43	47
23.1142	45.1467	2023	2	17	1.9	9.4	20	45	34
23.1568	45.1764	2023	2	17	0.2	7.2	20	48	41
23.0949	45.1183	2023	2	17	0.8	15.1	20	52	16
23.1413	45.1739	2023	2	17	0.4	16	20	55	18
23.1097	45.1387	2023	2	17	0.6	14.2	21	7	55
23.1839	45.185	2023	2	17	0.8	19.8	21	11	49
23.1444	45.1835	2023	2	17	1.2	15.3	21	18	27
23.1988	45.1908	2023	2	17	1.1	17.8	21	24	43
23.0674	45.1542	2023	2	17	1.6	11.3	21	40	59
23.1234	45.1358	2023	2	17	0.4	14.8	21	43	33
23.1326	45.1726	2023	2	17	0.3	16.6	21	52	29
23.1166	45.1605	2023	2	17	0.6	16.3	22	2	42
23.0899	45.1225	2023	2	17	0.6	15.5	22	10	42
23.1225	45.1694	2023	2	17	0.6	16.6	22	15	41
23.0633	45.1564	2023	2	17	2	11	22	20	15
23.1312	45.1433	2023	2	17	1.4	15.8	22	36	45
23.1153	45.1463	2023	2	17	0.8	16.3	22	44	27
23.1097	45.1882	2023	2	17	0.4	13.7	22	52	27
23.1129	45.1535	2023	2	17	0.4	16.4	23	0	39
23.1064	45.1116	2023	2	17	1.1	16.9	23	16	23
23.0969	45.1486	2023	2	17	1.2	17.5	23	25	36
23.1584	45.1676	2023	2	17	2.4	17.4	23	45	29
23.1134	45.1363	2023	2	17	0.5	18	23	58	56
23.1437	45.1711	2023	2	18	1.8	17.8	0	9	52
23.0978	45.1526	2023	2	18	1.1	17.4	0	15	54
23.0901	45.1385	2023	2	18	1.9	13.5	0	34	45
23.0501	45.1566	2023	2	18	2.4	7.5	0	40	24
23.0951	45.1415	2023	2	18	0.4	17.4	1	18	29
23.0631	45.1652	2023	2	18	2	10.4	1	22	57
23.1070	45.1654	2023	2	18	1.1	16.3	1	24	1
23.1942	45.1647	2023	2	18	2.2	17	1	31	50
23.0953	45.1433	2023	2	18	0.8	17	1	45	11
23.1006	45.1242	2023	2	18	1.3	14.6	2	1	35
23.1022	45.1454	2023	2	18	1	17.8	2	8	26
23.1865	45.1844	2023	2	18	1.9	14.7	2	22	44
23.1396	45.1048	2023	2	18	1.1	16.4	2	29	15
23.1908	45.1504	2023	2	18	1.8	15.3	2	32	57
23.0645	45.152	2023	2	18	2.9	12	2	34	47
23.0927	45.1331	2023	2	18	1.2	16.3	2	39	58
23.1007	45.1635	2023	2	18	1.1	18.1	2	46	28
23.1103	45.1266	2023	2	18	1.3	14.5	2	49	17
23.0903	45.1448	2023	2	18	1.3	16.1	2	56	31
23.0954	45.1467	2023	2	18	1.2	16.6	2	57	25
23.1320	45.1613	2023	2	18	2.4	14.9	3	3	19
23.1086	45.1366	2023	2	18	1.4	20.3	3	10	12
23.1042	45.1422	2023	2	18	1.4	17.3	3	39	7
23.0837	45.1364	2023	2	18	1.3	13.4	3	46	2
23.0978	45.1593	2023	2	18	1.2	17.4	3	50	3
23.0973	45.158	2023	2	18	1.3	16.8	3	54	34
23.0894	45.1426	2023	2	18	0.4	17.7	4	0	26
23.1826	45.1443	2023	2	18	1.4	16.4	4	18	30
23.1096	45.1316	2023	2	18	1.4	15.1	4	22	45
23.1098	45.1254	2023	2	18	2	11.8	4	44	7
23.0965	45.1558	2023	2	18	1.4	17.4	4	50	34
23.0993	45.147	2023	2	18	0.9	14.5	5	23	34
23.1181	45.1405	2023	2	18	1.5	14.4	5	39	37
23.1047	45.1497	2023	2	18	1.1	16.9	5	52	38
23.0893	45.1185	2023	2	18	1.6	11.7	6	32	38
23.1068	45.1387	2023	2	18	0.7	14.5	6	41	10
23.1194	45.1393	2023	2	18	1	18.2	6	45	2
23.1321	45.1333	2023	2	18	1.7	20	6	51	30
23.1282	45.1949	2023	2	18	1.2	15.2	6	53	44
23.0388	45.1551	2023	2	18	2.8	9	6	59	40
23.0982	45.1584	2023	2	18	0.7	15.8	7	4	23
23.0252	45.1297	2023	2	18	1.3	7.8	7	5	15
23.0782	45.1333	2023	2	18	0.9	15.2	7	7	32
23.1147	45.1474	2023	2	18	1.4	16.8	7	32	59
23.1056	45.1297	2023	2	18	1.6	15.6	7	33	33
23.1006	45.1621	2023	2	18	1.3	15.5	7	41	45
23.2204	45.2509	2023	2	18	0.5	13.2	7	42	57
23.0654	45.1545	2023	2	18	2.7	6.9	7	51	9
23.0538	45.114	2023	2	18	1.6	14	7	54	1
23.0761	45.1252	2023	2	18	1.1	16.3	8	3	1
23.1868	45.2022	2023	2	18	0.5	18.4	8	7	6
23.1330	45.1446	2023	2	18	0.9	19.7	8	20	3
23.0631	45.1489	2023	2	18	2.8	8	8	30	50
23.1295	45.1603	2023	2	18	1.8	18.3	8	38	36
23.0469	45.1689	2023	2	18	1.5	7.5	9	10	31
23.0876	45.152	2023	2	18	1.5	16.2	9	21	46
22.9976	45.0562	2023	2	18	1.1	10.1	9	37	0
23.0916	45.1408	2023	2	18	1.5	17.2	9	38	15
23.0987	45.132	2023	2	18	2.1	10.1	9	54	10
23.1218	45.1396	2023	2	18	1.4	19.2	9	58	0
23.1350	45.1753	2023	2	18	1	17.2	10	9	44
23.0834	45.1171	2023	2	18	1.8	10.8	10	32	25
23.1281	45.1823	2023	2	18	1.3	16.7	10	38	41
22.9960	45.0461	2023	2	18	1.5	7	11	6	41
23.0919	45.1331	2023	2	18	1.8	12.6	11	25	43
23.1220	45.173	2023	2	18	1.3	15.8	11	41	8
23.1495	45.1135	2023	2	18	1.8	16.3	11	53	13
23.1330	45.1752	2023	2	18	1.3	15.9	12	3	40
23.1700	45.1806	2023	2	18	1.2	18.4	12	17	16
23.2201	45.2104	2023	2	18	0.9	16	12	48	33
23.1459	45.1397	2023	2	18	1.4	19.3	12	54	3
23.1221	45.1295	2023	2	18	1.2	12.3	12	58	40
23.1372	45.1438	2023	2	18	1.4	20.4	13	5	0
23.0457	45.1616	2023	2	18	2.4	6	14	7	1
23.0803	45.1288	2023	2	18	0.7	14	14	42	56
23.0580	45.1528	2023	2	18	1.5	12	14	54	55
23.0931	45.1684	2023	2	18	3.8	11.7	16	4	35
23.1191	45.1726	2023	2	18	3.6	14.1	16	5	16
23.0804	45.155	2023	2	18	1.8	13.7	16	10	21
23.1610	45.1788	2023	2	18	1.3	17.7	16	25	17
23.1143	45.1383	2023	2	18	1.4	16.6	16	30	48
23.1153	45.161	2023	2	18	1	16.1	16	32	35
22.9646	45.1436	2023	2	18	1.3	6.1	16	52	7
23.1539	45.189	2023	2	18	0.7	17.2	17	14	21
23.1226	45.17	2023	2	18	0.9	16.2	17	33	54
23.1272	45.1522	2023	2	18	1.2	18.4	17	53	26
23.1781	45.1711	2023	2	18	0.6	16.8	17	56	20
23.1113	45.1345	2023	2	18	1.7	16.9	18	0	11
23.1031	45.1263	2023	2	18	0.6	17.5	18	29	28
23.1186	45.1275	2023	2	18	1.4	15.6	18	37	52
23.0784	45.1386	2023	2	18	1.4	16.8	18	42	1
23.1275	45.1273	2023	2	18	1	20.3	18	43	24
23.0850	45.1531	2023	2	18	1.7	9.2	19	1	48
23.2085	45.2277	2023	2	18	0.8	18.5	19	6	0
23.1354	45.1512	2023	2	18	2.4	11.2	19	8	6
23.1893	45.1502	2023	2	18	2.9	11.9	19	17	56
23.0888	45.149	2023	2	18	1.5	12.6	19	28	10
23.1796	45.1986	2023	2	18	0.7	14.6	19	45	43
23.1344	45.1354	2023	2	18	0.8	17.3	19	48	36
23.1004	45.1565	2023	2	18	1.9	7.2	20	4	41
23.1276	45.1684	2023	2	18	0.8	16.9	20	28	10
23.0445	45.1225	2023	2	18	1.4	11.7	20	31	4
23.0985	45.1523	2023	2	18	2.3	14.4	20	40	15
23.1677	45.1709	2023	2	18	0.3	17.8	20	49	37
23.2221	45.1494	2023	2	18	1.2	19.3	20	52	6
23.1149	45.1364	2023	2	18	1.1	17.3	20	54	27
23.1601	45.1496	2023	2	18	1.3	19.9	21	13	51
23.1173	45.1547	2023	2	18	0.8	15.3	21	24	44
23.0670	45.1339	2023	2	18	1.9	12.6	21	28	15
23.1258	45.1252	2023	2	18	1.4	19	21	38	47
23.2868	45.283	2023	2	18	1	21.4	21	46	36
23.1310	45.2059	2023	2	18	0.6	14	21	59	33
23.1146	45.1544	2023	2	18	1	16.4	22	1	0
23.1956	45.1505	2023	2	18	1.6	16.3	22	2	44
23.1132	45.1586	2023	2	18	0.9	15.3	22	12	47
23.1024	45.147	2023	2	18	2.1	13.4	22	47	59
23.1687	45.179	2023	2	18	0.3	19.4	22	55	0
23.1163	45.1282	2023	2	18	1.8	19.9	23	51	42
23.1223	45.1384	2023	2	19	1.1	16.4	0	3	54
23.1209	45.1758	2023	2	19	1.5	14.4	0	12	49
23.1547	45.1934	2023	2	19	0.8	16.8	0	19	11
23.0730	45.1601	2023	2	19	0.5	14	0	19	57
23.1108	45.1567	2023	2	19	1	16.6	0	21	44
23.1111	45.1627	2023	2	19	1.1	16.2	0	34	34
23.2126	45.1887	2023	2	19	1.2	15.1	0	51	17
23.1000	45.1341	2023	2	19	1.6	15.4	1	46	35
23.1135	45.1432	2023	2	19	1.3	18.3	2	4	24
23.1005	45.139	2023	2	19	1.6	16	2	30	35
23.1014	45.1549	2023	2	19	1.3	16.6	3	11	42
23.0739	45.1678	2023	2	19	2.3	11.1	3	59	50
23.0758	45.1407	2023	2	19	2.3	11.4	4	54	0
23.0794	45.1562	2023	2	19	2.1	13.6	5	18	46
23.0856	45.1576	2023	2	19	1.9	14	5	27	45
23.0685	45.1515	2023	2	19	2.9	13.8	5	58	9
23.1359	45.1945	2023	2	19	2.6	14.1	6	11	45
23.2133	45.2283	2023	2	19	1.1	17.4	6	18	33
23.0870	45.1366	2023	2	19	1.6	14.4	6	45	28
23.0247	45.1559	2023	2	19	1.2	5.1	6	52	10
23.0947	45.1444	2023	2	19	1.3	16.3	7	33	54
23.0892	45.1666	2023	2	19	2.3	12.9	8	9	7
23.1077	45.1809	2023	2	19	2.1	13.1	8	56	3
23.0998	45.133	2023	2	19	1.1	16.2	9	4	28
23.0332	45.132	2023	2	19	1.1	10.8	9	7	20
23.0986	45.1491	2023	2	19	1.5	16.6	9	17	26
23.0797	45.1296	2023	2	19	1.1	16	10	14	7
23.1393	45.1452	2023	2	19	1.5	15.5	10	16	10
23.1328	45.1553	2023	2	19	2	16.3	11	0	35
23.0949	45.1329	2023	2	19	3.5	9.1	11	54	25
23.1014	45.1256	2023	2	19	3.1	13.9	11	57	17
23.1561	45.1811	2023	2	19	1	17.2	13	31	47
23.2016	45.1881	2023	2	19	1.3	15.6	13	34	12
23.1318	45.1308	2023	2	19	1.3	18.5	14	5	17
23.1183	45.1272	2023	2	19	1.4	17.7	15	9	21
23.0915	45.1399	2023	2	19	1.6	16	15	46	29
23.1791	45.2111	2023	2	19	1.1	18.3	16	0	48
23.1137	45.1572	2023	2	19	1.2	16.6	17	15	16
23.0921	45.1586	2023	2	19	1.6	12	17	16	56
23.0711	45.1551	2023	2	19	1.5	15.2	18	46	27
23.1239	45.1468	2023	2	19	1.2	17.6	18	48	16
23.0909	45.1444	2023	2	19	1.7	12.3	19	57	10
23.0828	45.1634	2023	2	19	1.7	13.4	20	19	23
23.0813	45.1496	2023	2	19	2.6	11.7	20	21	59
23.1666	45.1753	2023	2	19	1.3	19.2	20	55	17
23.1278	45.1786	2023	2	19	2	14.2	21	23	11
23.1271	45.1552	2023	2	19	0.8	20.6	23	22	30
23.1505	45.1236	2023	2	20	1.5	16.3	1	12	4
23.1396	45.1477	2023	2	20	1.6	18.7	4	23	41
23.1069	45.1544	2023	2	20	2	15.9	5	46	21
23.1180	45.1262	2023	2	20	1.8	16.9	6	6	31
23.1816	45.1475	2023	2	20	1.3	19	8	39	26
23.1620	45.182	2023	2	20	1.3	18.8	10	5	30
23.0853	45.1524	2023	2	20	3	7.2	11	23	55
23.1462	45.0947	2023	2	20	1.3	16.1	11	29	35
23.1237	45.1472	2023	2	20	2.3	13.2	12	33	58
23.1199	45.1493	2023	2	20	1.1	18.4	12	51	41
23.1516	45.2038	2023	2	20	0.6	12.9	13	0	26
23.1187	45.155	2023	2	20	0.7	15.2	13	11	2
23.0828	45.131	2023	2	20	2.1	12	14	1	28
23.2182	45.1621	2023	2	20	1	18.4	14	51	43
23.1282	45.1687	2023	2	20	1	14.1	15	25	41
23.2805	45.2342	2023	2	20	1.3	14.9	15	28	46
23.0689	45.1578	2023	2	20	1.8	7.3	15	52	50
23.1380	45.1737	2023	2	20	1	17.8	16	29	16
23.1272	45.2028	2023	2	20	0.7	11.7	16	37	13
23.1257	45.1406	2023	2	20	2.2	10.8	17	36	35
23.1000	45.1177	2023	2	20	1.9	13.3	18	13	19
23.1649	45.1666	2023	2	20	0.5	17.3	18	29	36
23.1370	45.1564	2023	2	20	1.3	20.3	18	37	31
23.0860	45.1435	2023	2	20	1.5	17	18	46	39
23.1259	45.1267	2023	2	20	1.2	16.4	19	12	26
23.1181	45.1523	2023	2	20	0.7	15.7	19	20	36
23.1741	45.1604	2023	2	20	1.2	18.3	20	21	8
23.0881	45.1459	2023	2	20	1.2	11.1	20	22	16
23.0873	45.138	2023	2	20	1.2	16.1	20	32	36
23.0805	45.1255	2023	2	20	0.7	17.2	21	35	13
23.1370	45.1633	2023	2	20	1.2	17.8	21	40	4
23.1248	45.1553	2023	2	20	1.1	18.1	22	9	45
23.1048	45.1415	2023	2	20	1.5	16	22	35	45
23.0945	45.1398	2023	2	20	1.1	17	22	37	34
23.0795	45.1339	2023	2	20	1	16.1	22	53	16
23.1512	45.1927	2023	2	20	0.8	18.7	23	41	17
23.1157	45.1645	2023	2	21	1.4	16.7	2	21	51
23.0821	45.1372	2023	2	21	1.2	14.3	3	9	12
23.1148	45.1027	2023	2	21	2.3	10.7	3	19	22
23.1084	45.1335	2023	2	21	0.9	15.1	3	40	2
23.1571	45.168	2023	2	21	1	15.6	3	42	57
23.1072	45.1388	2023	2	21	2.2	16.6	3	47	24
23.1097	45.1465	2023	2	21	1.5	16.4	4	45	25
23.1057	45.1285	2023	2	21	1.7	16.2	7	0	5
23.0886	45.1447	2023	2	21	1.5	16.4	9	25	2
23.0226	45.1126	2023	2	21	1.8	4.3	9	55	31
23.1760	45.1631	2023	2	21	1.5	15.6	12	50	59
23.1550	45.1342	2023	2	21	0.7	16	13	12	5
23.0927	45.1487	2023	2	21	1.5	16.8	14	32	26
23.0843	45.1398	2023	2	21	1.2	15.9	14	59	10
23.1826	45.1719	2023	2	21	1.1	12.2	15	24	6
23.1447	45.1074	2023	2	21	1.1	13.2	16	57	18
23.1193	45.1229	2023	2	21	0.6	19.6	17	29	30
23.1008	45.1425	2023	2	21	0.8	17.5	17	49	35
23.0738	45.1859	2023	2	21	0.7	8.4	17	55	29
23.1753	45.1389	2023	2	21	0.4	19.7	18	1	7
23.1134	45.158	2023	2	21	0.6	16.5	18	2	51
23.1271	45.1292	2023	2	21	1	16.4	18	39	26
23.1199	45.172	2023	2	21	0.5	11.5	19	13	30
23.1345	45.1564	2023	2	21	1.2	15.9	19	22	38
23.1138	45.1309	2023	2	21	1.2	16.5	19	24	51
23.1128	45.1485	2023	2	21	0.7	16.9	19	54	57
23.1469	45.1581	2023	2	21	0.3	15.9	19	57	14
23.1116	45.0839	2023	2	21	0	17.7	20	33	44
23.2746	45.2939	2023	2	21	0.7	11.4	21	27	10
23.1194	45.1364	2023	2	21	0.4	12.3	21	28	27
23.1208	45.1633	2023	2	21	0.5	12.9	21	32	27
23.1285	45.1602	2023	2	21	0.6	16.4	21	35	53
23.1062	45.1609	2023	2	21	0.4	16.6	22	18	12
23.1472	45.1698	2023	2	21	0.6	17.2	22	22	6
23.1038	45.1273	2023	2	21	1.4	15.4	22	29	39
23.1170	45.1613	2023	2	21	0.6	17.8	23	58	59
23.1546	45.1156	2023	2	22	1.2	20.9	0	3	44
23.0817	45.1632	2023	2	22	2.2	12.5	0	25	24
23.1003	45.131	2023	2	22	0.4	19.2	0	29	18
23.1461	45.1571	2023	2	22	0.2	17.3	0	38	5
23.1420	45.1657	2023	2	22	1.3	15.5	0	49	54
23.1169	45.1393	2023	2	22	1.7	17	1	10	29
23.0980	45.1432	2023	2	22	0.8	16.3	2	20	12
23.1690	45.143	2023	2	22	0.9	19.5	2	47	5
23.1196	45.1301	2023	2	22	1.3	19.9	3	8	58
23.0951	45.1281	2023	2	22	0.5	15.4	3	26	48
23.1276	45.1473	2023	2	22	0.9	20.4	3	28	48
23.1508	45.1452	2023	2	22	0.7	16.1	3	46	57
23.1357	45.1405	2023	2	22	1.8	19.1	4	1	57
23.1460	45.1903	2023	2	22	0.9	17.2	5	38	7
23.0802	45.1626	2023	2	22	4	13.2	6	25	59
23.1140	45.1413	2023	2	22	2.4	13.6	9	24	22
23.0760	45.1291	2023	2	22	1.6	12.2	9	37	49
23.0927	45.1357	2023	2	22	1.8	13.4	9	42	47
23.1086	45.1331	2023	2	22	1	17.5	9	51	38
23.1168	45.1593	2023	2	22	1.2	16.5	12	0	4
23.1529	45.127	2023	2	22	1.1	16.3	12	21	34
23.1214	45.1583	2023	2	22	0.9	18.1	12	53	2
23.1371	45.1552	2023	2	22	1.3	18.6	13	17	20
23.1246	45.1412	2023	2	22	1.2	18	13	27	59
23.0762	45.1539	2023	2	22	1.7	15.1	13	59	24
23.1458	45.1189	2023	2	22	1.1	14.3	15	1	43
23.2067	45.1634	2023	2	22	0.2	15.8	15	27	30
23.1690	45.166	2023	2	22	1	17.1	15	56	32
23.0555	45.1462	2023	2	22	1.2	13.5	16	9	48
23.1443	45.1711	2023	2	22	0.5	17.2	16	43	4
23.0703	45.1483	2023	2	22	2.1	8.9	16	51	54
23.1375	45.1404	2023	2	22	1.1	17.1	17	2	14
23.1063	45.132	2023	2	22	0.5	17.5	17	50	44
23.1093	45.1519	2023	2	22	0.7	17.8	18	12	39
23.1861	45.1681	2023	2	22	0.8	19.1	18	25	6
23.1459	45.1365	2023	2	22	0.8	19.3	18	33	21
23.2071	45.1737	2023	2	22	1.3	15.8	18	51	7
23.1421	45.1517	2023	2	22	0.6	19.6	19	1	5
23.1901	45.1733	2023	2	22	0.6	17	19	11	55
23.1326	45.1471	2023	2	22	0.5	17.9	19	22	28
23.1239	45.1536	2023	2	22	0.4	15.3	19	27	56
23.1506	45.1447	2023	2	22	0.4	13.4	19	28	41
23.1781	45.1522	2023	2	22	0.5	19.1	19	31	41
23.1841	45.1442	2023	2	22	0.5	17.2	19	33	34
23.1673	45.146	2023	2	22	0.7	17.8	19	35	37
23.1321	45.1418	2023	2	22	1.6	15	19	58	0
23.1200	45.1281	2023	2	22	0.6	14.3	20	33	15
23.0583	45.1471	2023	2	22	1.6	11	21	6	17
23.0532	45.143	2023	2	22	1.7	12.9	21	7	16
23.1343	45.1402	2023	2	22	1.2	18.3	21	10	24
23.0990	45.1496	2023	2	22	1.3	14.2	21	16	49
23.2015	45.1883	2023	2	22	0.5	21.2	21	31	15
23.1093	45.1257	2023	2	22	0.3	16	21	34	50
23.1318	45.1632	2023	2	22	0.5	18.1	21	36	55
23.1667	45.1529	2023	2	22	0.8	18.3	21	57	38
23.1703	45.1923	2023	2	22	0.4	18.6	21	59	56
23.1978	45.1781	2023	2	22	0.7	17.4	22	20	40
23.1225	45.1327	2023	2	22	0.2	15.3	22	45	42
23.1100	45.1819	2023	2	22	1.8	15.8	23	2	40
23.1245	45.1605	2023	2	22	0.5	19.1	23	25	27
23.1927	45.1919	2023	2	22	0.6	16.6	23	26	3
23.0946	45.1309	2023	2	22	0.5	15.2	23	35	10
23.0809	45.1344	2023	2	22	0.6	15.3	23	58	14
23.1123	45.1588	2023	2	23	0.9	15.8	0	5	29
23.0729	45.1579	2023	2	23	3.9	11.3	0	18	50
23.1537	45.1738	2023	2	23	0.2	18.2	0	24	41
23.1087	45.148	2023	2	23	0.9	16.2	0	25	21
23.1377	45.1626	2023	2	23	0.1	16.6	0	29	31
23.1120	45.1655	2023	2	23	2	14.2	0	31	58
23.1034	45.1603	2023	2	23	1	13.3	0	36	20
23.0918	45.1353	2023	2	23	0.8	17.6	0	37	34
23.1330	45.1512	2023	2	23	0.4	19.8	0	42	24
23.1304	45.1525	2023	2	23	1	17.5	1	21	42
23.1673	45.202	2023	2	23	0.9	16.3	1	25	38
23.0858	45.1454	2023	2	23	0.8	15.8	1	28	37
23.0787	45.1211	2023	2	23	0.6	17.2	1	37	34
23.0809	45.147	2023	2	23	1.1	12.3	1	52	15
23.0812	45.1553	2023	2	23	0.5	13.5	1	58	28
23.1057	45.1538	2023	2	23	1.4	15.9	2	1	56
23.1334	45.1524	2023	2	23	0.6	17.7	2	6	48
23.1539	45.1738	2023	2	23	0.8	17.6	2	16	5
23.0837	45.1596	2023	2	23	1.4	14.2	2	19	44
23.1169	45.1465	2023	2	23	0.2	16.5	2	29	6
23.1076	45.1473	2023	2	23	0.2	16.3	2	57	0
23.1801	45.1159	2023	2	23	1.2	14.1	2	58	16
23.1956	45.172	2023	2	23	0.4	15.8	3	12	41
23.1392	45.1686	2023	2	23	1.5	12.4	3	18	27
23.1932	45.1764	2023	2	23	0.5	17.4	3	24	50
23.1501	45.1787	2023	2	23	1.5	12.9	3	28	28
23.1455	45.1608	2023	2	23	0.8	13.8	3	35	43
23.0933	45.1639	2023	2	23	1.9	14.5	3	50	46
23.1542	45.1474	2023	2	23	0.6	17.3	4	1	38
23.0810	45.1542	2023	2	23	2	8.4	4	22	27
23.1177	45.1633	2023	2	23	0.7	16.6	4	35	25
23.0773	45.1252	2023	2	23	0.1	16.9	4	44	32
23.0939	45.1519	2023	2	23	1.3	14.4	4	52	40
23.1201	45.1766	2023	2	23	1.2	15.4	5	7	43
23.1469	45.1515	2023	2	23	0.8	12.5	5	18	1
23.1427	45.1301	2023	2	23	0.8	17.9	6	43	35
23.1231	45.1377	2023	2	23	1.8	15.7	7	51	26
23.1218	45.1758	2023	2	23	2.2	17.2	9	24	1
23.1448	45.1704	2023	2	23	1.2	18.3	9	27	17
23.0491	45.1382	2023	2	23	1.3	12.5	9	32	37
23.1692	45.1916	2023	2	23	0.5	17.7	10	53	57
23.0612	45.1422	2023	2	23	2.1	13.1	11	40	15
23.0420	45.1412	2023	2	23	1.7	10.3	11	43	50
23.1706	45.1726	2023	2	23	0.7	16.7	14	39	5
23.1583	45.1449	2023	2	23	0.9	15.8	14	55	56
23.1713	45.1389	2023	2	23	1.3	17.1	15	14	39
23.1234	45.1482	2023	2	23	1.3	17.4	15	38	0
23.1122	45.161	2023	2	23	1.2	15.2	16	21	58
23.1594	45.1649	2023	2	23	0.8	18.3	17	3	5
23.1643	45.1868	2023	2	23	0.5	16	17	4	25
23.1432	45.1591	2023	2	23	0.9	19.1	17	8	31
23.1766	45.1934	2023	2	23	1.1	15.1	17	19	51
23.1120	45.1467	2023	2	23	0.8	17.4	17	21	50
23.0590	45.1452	2023	2	23	2.5	10.7	18	38	35
23.1016	45.1307	2023	2	23	0.4	16.4	18	39	20
23.1262	45.169	2023	2	23	0.9	15.7	18	45	1
23.1088	45.1393	2023	2	23	0.3	17.3	19	3	51
23.1276	45.1575	2023	2	23	1	19	19	8	9
23.0964	45.1488	2023	2	23	0.5	17.3	19	45	16
23.1813	45.157	2023	2	23	0.9	16.1	20	5	12
23.1217	45.1952	2023	2	23	0.6	20	21	36	36
23.1375	45.1586	2023	2	23	0.7	17	22	18	18
23.1386	45.1523	2023	2	23	0.8	16.9	22	51	7
23.0641	45.1583	2023	2	23	1.6	11.7	23	18	43
23.2141	45.1674	2023	2	23	0.5	18.3	23	26	26
23.0566	45.1674	2023	2	23	1.5	10.1	23	48	18
23.1753	45.195	2023	2	24	0.2	18.5	0	11	35
23.1026	45.1357	2023	2	24	0.2	16.5	0	18	17
23.1554	45.1491	2023	2	24	0.8	17.9	1	4	7
23.0845	45.1513	2023	2	24	0.6	13.5	1	6	24
23.1073	45.1516	2023	2	24	0.7	16.1	1	7	44
23.0615	45.1524	2023	2	24	0.8	10.7	1	16	36
23.0809	45.1361	2023	2	24	0.8	15.4	1	17	32
23.1533	45.1515	2023	2	24	0.7	17.5	1	29	1
23.1348	45.1556	2023	2	24	1.5	12	1	32	34
23.1214	45.1665	2023	2	24	0.5	16	1	46	24
23.1512	45.1553	2023	2	24	0.4	17.5	2	1	39
23.0954	45.1486	2023	2	24	0.2	16.5	2	4	10
23.1418	45.1448	2023	2	24	0.8	16.4	2	15	26
23.0967	45.1489	2023	2	24	0.9	14.8	2	16	43
23.1263	45.1598	2023	2	24	0.9	15.6	3	1	31
23.1385	45.1679	2023	2	24	0.7	18.2	3	5	56
23.1405	45.1615	2023	2	24	0.5	17.9	3	16	18
23.1321	45.1701	2023	2	24	0.5	18.2	3	33	2
23.1265	45.1374	2023	2	24	0.4	16.1	3	49	59
23.0757	45.1599	2023	2	24	0.9	11.9	4	15	41
23.1237	45.1577	2023	2	24	0.5	15.9	4	16	29
23.1529	45.1851	2023	2	24	0.3	16.7	4	18	25
23.1424	45.159	2023	2	24	0.8	18.9	4	27	27
23.1262	45.1823	2023	2	24	0.9	17	4	41	15
23.1546	45.1772	2023	2	24	2	14.6	5	20	24
23.1758	45.1795	2023	2	24	1.2	17	5	21	21
23.1522	45.1512	2023	2	24	1.1	15.7	5	37	31
23.1609	45.1472	2023	2	24	0.8	20.5	6	36	55
23.1500	45.1643	2023	2	24	0.7	18.5	6	38	11
23.1908	45.2048	2023	2	24	0.7	16.4	7	22	41
23.1400	45.1956	2023	2	24	1	13.7	8	3	2
23.1329	45.1637	2023	2	24	0.7	18.9	8	24	13
23.1607	45.1377	2023	2	24	1.1	17	8	30	0
23.1548	45.1634	2023	2	24	0.8	17.6	9	7	16
23.1319	45.1393	2023	2	24	1.6	15.8	10	37	36
23.1301	45.1407	2023	2	24	1.3	14.8	10	40	33
23.1346	45.1584	2023	2	24	0.9	17.3	10	43	54
23.1261	45.1506	2023	2	24	1.3	20.1	11	12	11
23.0927	45.1497	2023	2	24	1.3	17.1	11	12	46
23.1019	45.1524	2023	2	24	1.6	17.2	11	50	1
23.1698	45.143	2023	2	24	0.7	17.5	12	7	31
23.1334	45.1496	2023	2	24	0.4	16.5	12	38	0
23.1267	45.1747	2023	2	24	1.9	17.5	12	43	14
23.0661	45.1381	2023	2	24	1.3	14.7	13	26	7
23.2077	45.1797	2023	2	24	1.6	17.5	13	48	18
23.1069	45.1457	2023	2	24	0.7	16.3	13	50	7
23.1781	45.1378	2023	2	24	1	14.5	14	21	28
23.1148	45.1595	2023	2	24	1.3	17.9	14	35	26
23.2136	45.2239	2023	2	24	0.5	13.5	14	48	10
23.0676	45.1491	2023	2	24	2.1	10.4	15	26	36
23.2599	45.2429	2023	2	24	0.7	15.4	15	31	34
23.0876	45.1558	2023	2	24	1.6	11.9	15	46	42
23.1166	45.1573	2023	2	24	1.2	14.6	15	59	13
23.0954	45.1487	2023	2	24	1.3	16.1	16	14	21
23.1215	45.1516	2023	2	24	2	14.9	16	18	4
23.1316	45.136	2023	2	24	0.7	17.5	16	51	27
23.1236	45.158	2023	2	24	1.3	16.5	17	1	43
23.1854	45.1689	2023	2	24	0.4	16.9	17	10	36
23.1615	45.1794	2023	2	24	0.8	14.2	17	27	28
23.1060	45.1523	2023	2	24	1.5	14.7	17	34	45
23.1686	45.1796	2023	2	24	2.5	17.5	17	55	12
23.1399	45.1697	2023	2	24	1.5	15.9	18	48	16
23.1626	45.1655	2023	2	24	0.5	16.8	19	28	18
23.1022	45.1284	2023	2	24	0.2	17.3	19	47	54
23.1521	45.1672	2023	2	24	0.3	18	20	0	9
23.1524	45.187	2023	2	24	1	16.9	20	11	44
23.1455	45.1687	2023	2	24	0.1	18.6	21	11	25
23.1078	45.1398	2023	2	24	0.4	17.3	21	34	51
23.0903	45.1322	2023	2	24	0.7	15.9	21	40	53
23.1365	45.1711	2023	2	24	1.1	19.5	21	49	20
23.2021	45.1521	2023	2	24	0.2	16.2	22	14	33
23.1456	45.1809	2023	2	24	0.3	16.4	22	23	14
23.1173	45.1435	2023	2	24	0.2	16.1	22	24	33
23.0964	45.1432	2023	2	24	2.3	11	22	33	21
23.1223	45.1562	2023	2	24	0.9	16.8	22	47	3
23.1349	45.164	2023	2	24	0.6	18.7	22	51	42
23.1817	45.1533	2023	2	24	1.3	16.1	22	57	34
23.1045	45.1252	2023	2	24	0.2	17.4	23	12	51
23.1739	45.1692	2023	2	24	0.9	16.7	23	16	6
23.0786	45.1595	2023	2	24	1.8	14	23	50	12
23.1424	45.1728	2023	2	25	0.5	18.2	0	0	13
23.0750	45.1695	2023	2	25	1.6	11.5	0	6	59
23.0976	45.1262	2023	2	25	1.4	15.9	0	10	10
23.1350	45.1602	2023	2	25	0.7	16.5	0	27	18
23.0941	45.1197	2023	2	25	1.6	16.8	0	28	9
23.1622	45.1614	2023	2	25	1	16.1	0	31	46
23.1404	45.1584	2023	2	25	0.7	18.3	0	33	4
23.1053	45.135	2023	2	25	0.4	15.9	0	43	47
23.0989	45.1317	2023	2	25	0.9	17.4	0	57	25
23.0987	45.1263	2023	2	25	0.6	16.6	1	4	54
23.0849	45.122	2023	2	25	0.5	15.5	1	10	43
23.1172	45.1538	2023	2	25	0.7	17.4	1	12	10
23.0853	45.1417	2023	2	25	1.3	15.5	1	13	43
23.1295	45.1731	2023	2	25	1.5	17	1	21	12
23.1395	45.1332	2023	2	25	0.5	17.6	1	22	24
23.1333	45.1616	2023	2	25	0.1	19	1	22	55
23.1035	45.1331	2023	2	25	0.7	16.9	1	34	8
23.1332	45.1413	2023	2	25	0.5	17.6	1	40	51
23.2097	45.1676	2023	2	25	0.7	17.5	1	50	22
23.1657	45.1628	2023	2	25	0.3	16.9	2	33	54
23.2035	45.1753	2023	2	25	1.1	16.2	2	45	57
23.0842	45.1534	2023	2	25	1.6	10.2	3	22	10
23.1317	45.1723	2023	2	25	0.8	17.4	4	1	56
23.2017	45.1878	2023	2	25	0.8	17.7	4	43	30
23.1839	45.1766	2023	2	25	0.2	17	4	50	39
23.1380	45.1555	2023	2	25	0.8	18.4	5	15	7
23.0724	45.1381	2023	2	25	1.9	12.4	5	17	57
23.0823	45.1259	2023	2	25	0.7	17.1	5	25	32
23.1450	45.1418	2023	2	25	1	17.2	6	1	40
23.0977	45.1635	2023	2	25	1.5	14.5	6	50	29
23.1426	45.1751	2023	2	25	1.4	17	8	8	28
23.2038	45.1942	2023	2	25	0.7	15.4	8	18	38
23.1138	45.1486	2023	2	25	0.8	13.5	8	26	19
23.0942	45.1378	2023	2	25	1.3	16.3	9	3	6
23.0594	45.1431	2023	2	25	1.5	11.8	11	38	26
23.0992	45.138	2023	2	25	0.6	16.4	11	47	10
23.1355	45.1195	2023	2	25	0.8	18.2	12	0	20
23.1426	45.1903	2023	2	25	1.6	16.9	12	50	37
23.0823	45.1437	2023	2	25	1.5	16.1	13	1	5
23.1540	45.1515	2023	2	25	0.4	19.2	14	0	51
23.1243	45.1578	2023	2	25	0.2	17.4	14	37	43
23.1367	45.1799	2023	2	25	1.5	16.3	14	52	2
23.1501	45.1789	2023	2	25	0.3	17.7	14	54	12
23.2303	45.1729	2023	2	25	0.6	17.2	14	55	21
23.1744	45.1747	2023	2	25	0.5	21.6	15	1	33
23.1231	45.1508	2023	2	25	1.1	17	15	9	16
23.1590	45.1844	2023	2	25	0.8	14.2	15	27	58
23.0560	45.1425	2023	2	25	1.1	14.4	15	32	22
23.0861	45.1473	2023	2	25	1.1	14.4	16	49	32
23.1590	45.1736	2023	2	25	1	17	17	14	12
23.1219	45.1403	2023	2	25	1.4	18.3	17	23	40
23.1563	45.1589	2023	2	25	0.3	16.8	17	34	56
23.1490	45.1524	2023	2	25	0.5	15.6	17	37	0
23.1995	45.1944	2023	2	25	0.7	17	18	20	19
23.0823	45.1401	2023	2	25	2.2	14	18	29	44
23.1779	45.1851	2023	2	25	0.9	18.2	18	39	49
23.0718	45.1546	2023	2	25	1.9	13.8	18	50	38
23.1542	45.1426	2023	2	25	0.3	16.6	19	44	51
23.1405	45.1725	2023	2	25	0.8	17.2	19	53	51
23.1112	45.1361	2023	2	25	0.2	17.4	20	12	40
23.1434	45.1685	2023	2	25	1.2	15.7	20	41	7
23.1094	45.1504	2023	2	25	1	16.5	22	2	49
23.1429	45.1542	2023	2	25	0.9	16.6	22	3	23
23.0989	45.1295	2023	2	25	1.5	17.3	23	4	13
23.2217	45.2018	2023	2	26	0.2	14.1	0	18	28
23.0899	45.1476	2023	2	26	1.6	15.6	0	55	0
23.0746	45.1328	2023	2	26	0.6	16.6	0	57	21
23.0711	45.1429	2023	2	26	1.7	13.7	1	20	56
23.0895	45.1382	2023	2	26	1.2	15.9	1	23	38
23.0827	45.1433	2023	2	26	1.5	15.6	1	49	44
23.1396	45.1423	2023	2	26	0.6	16.4	2	11	53
23.1196	45.1599	2023	2	26	0.4	18.3	2	40	13
23.1044	45.1457	2023	2	26	0.9	15.7	3	16	34
23.1243	45.1632	2023	2	26	2.3	11.6	3	39	12
23.1146	45.1522	2023	2	26	1.5	13.1	3	41	6
23.1147	45.1586	2023	2	26	1.7	13.1	3	42	57
23.0965	45.1846	2023	2	26	0.6	11.8	4	8	46
23.1162	45.1795	2023	2	26	1.1	16.2	4	51	34
23.1290	45.1783	2023	2	26	1.2	16.2	5	42	1
23.0657	45.1344	2023	2	26	1.1	13.8	5	49	35
23.1401	45.1398	2023	2	26	0.4	17.7	6	16	7
23.1004	45.1587	2023	2	26	0.8	15.7	7	14	12
23.0747	45.1408	2023	2	26	0.1	17.3	7	35	15
23.1317	45.1723	2023	2	26	1.3	11.8	9	28	54
23.0739	45.133	2023	2	26	1	13.2	9	57	4
23.0554	45.1341	2023	2	26	1.2	11.1	11	22	28
23.0597	45.1514	2023	2	26	0.6	13.7	12	11	26
23.2029	45.1705	2023	2	26	0.1	18.7	14	0	3
23.0758	45.1609	2023	2	26	1.4	15.4	15	38	46
23.1309	45.1195	2023	2	26	0.9	21.1	16	5	45
23.0870	45.1438	2023	2	26	1.2	15.7	16	21	12
23.1422	45.1651	2023	2	26	0.7	17.9	16	46	40
23.1214	45.1631	2023	2	26	0.8	19.4	17	54	32
23.1366	45.1908	2023	2	26	0.7	16.3	18	0	29
23.1399	45.1645	2023	2	26	0.4	14.5	18	17	11
23.1711	45.1613	2023	2	26	1.5	14.3	18	25	38
23.0850	45.1531	2023	2	26	1.9	15.8	18	40	3
23.1182	45.148	2023	2	26	0.7	16.7	18	47	52
23.1419	45.1657	2023	2	26	0.8	16.7	18	55	37
23.1528	45.1568	2023	2	26	0.3	18.7	19	0	38
23.0901	45.1663	2023	2	26	0.7	17.5	19	26	42
23.0709	45.1489	2023	2	26	1.6	15.8	20	26	51
23.1151	45.1502	2023	2	26	1.2	18.2	20	45	56
23.0923	45.1379	2023	2	26	0.4	17.5	21	10	5
23.1908	45.1829	2023	2	26	0.9	18.3	22	47	6
23.1139	45.1357	2023	2	26	0.2	17.1	23	25	28
23.1581	45.1533	2023	2	26	0	15.8	23	29	13
23.1917	45.1556	2023	2	27	2.5	15.9	0	0	24
23.1680	45.1393	2023	2	27	2	13.7	0	17	8
23.1741	45.143	2023	2	27	0.7	16.1	0	18	6
23.0735	45.1473	2023	2	27	1.5	15	0	37	15
23.1293	45.2083	2023	2	27	0.4	14.5	0	56	27
23.1145	45.1487	2023	2	27	1.1	17.3	1	2	19
23.2155	45.155	2023	2	27	0.8	19.4	1	44	20
23.2200	45.1784	2023	2	27	0.6	19.7	2	37	37
23.0918	45.1296	2023	2	27	0.3	16.9	2	51	14
23.1259	45.1452	2023	2	27	1.1	19.4	3	10	31
23.1018	45.1511	2023	2	27	0.7	17.2	3	50	35
23.0833	45.1377	2023	2	27	0.6	17.7	3	54	25
23.0974	45.1485	2023	2	27	1.4	16.4	4	33	44
23.0977	45.1628	2023	2	27	1.6	16.9	4	35	40
23.0920	45.1908	2023	2	27	0.3	10.4	4	39	18
23.1243	45.1417	2023	2	27	1	19.8	4	45	26
23.1249	45.1519	2023	2	27	2.6	16	6	27	1
23.1210	45.1516	2023	2	27	1.2	17.2	6	34	16
23.1356	45.1722	2023	2	27	1.5	15	8	32	32
23.0544	45.1579	2023	2	27	2.1	10.9	8	58	44
23.1157	45.1674	2023	2	27	0.7	15.8	9	23	14
23.1395	45.1552	2023	2	27	0.6	18.3	10	44	42
23.1103	45.1743	2023	2	27	1.1	17.7	10	49	11
23.1740	45.2216	2023	2	27	0.6	16.8	10	53	51
23.1211	45.1536	2023	2	27	0.7	16.4	11	16	0
23.1996	45.1672	2023	2	27	1.7	17.3	11	43	48
23.1092	45.1582	2023	2	27	1.5	17.9	11	44	26
23.0960	45.1564	2023	2	27	1.9	16.3	13	8	31
23.1112	45.1253	2023	2	27	1.3	18.7	13	41	59
23.1287	45.1667	2023	2	27	1.4	18.1	15	41	41
23.1912	45.148	2023	2	27	0.5	22.3	16	10	58
23.1450	45.1546	2023	2	27	0.9	19	16	28	43
23.1234	45.1622	2023	2	27	1.4	18.3	17	6	6
23.1422	45.1537	2023	2	27	0.5	15.9	17	49	29
23.1353	45.1543	2023	2	27	0.7	17	17	59	15
23.1421	45.1499	2023	2	27	0.9	15.7	18	55	54
23.1358	45.1515	2023	2	27	1.1	18.2	19	36	30
23.1175	45.1369	2023	2	27	0.5	16.4	19	37	7
23.1593	45.1616	2023	2	27	0.4	16.2	19	56	15
23.1049	45.143	2023	2	27	1.6	18.7	20	26	16
23.0884	45.1446	2023	2	27	1.4	16.7	20	33	13
23.0939	45.1344	2023	2	27	0.7	17.5	20	50	52
23.1171	45.1491	2023	2	27	0.7	19.6	21	11	15
23.1177	45.1526	2023	2	27	1.1	17.9	21	20	26
23.1210	45.1581	2023	2	27	1.4	17.9	21	29	4
23.1314	45.1466	2023	2	27	0.4	18.2	22	58	13
23.1547	45.1608	2023	2	27	0.2	18.4	23	40	4
23.1140	45.1379	2023	2	28	0.7	15.8	3	3	14
23.1422	45.1646	2023	2	28	0.8	17.3	3	20	15
23.1394	45.156	2023	2	28	0.8	14	3	39	30
23.1405	45.1335	2023	2	28	3.2	8.6	3	55	22
23.2131	45.1542	2023	2	28	1	16.4	3	57	6
23.1434	45.151	2023	2	28	0.5	17.6	4	35	5
23.1282	45.1627	2023	2	28	1.3	15.3	4	44	48
23.1414	45.1741	2023	2	28	0.8	17.3	5	6	34
23.2431	45.173	2023	2	28	0.3	17.2	5	17	47
23.0982	45.1369	2023	2	28	1.6	16.3	6	30	34
23.1119	45.144	2023	2	28	0.7	17.1	7	45	33
23.0882	45.1322	2023	2	28	2.8	12.1	8	7	44
23.1611	45.1422	2023	2	28	1.4	14.1	8	58	57
23.1489	45.1452	2023	2	28	0.9	19.9	9	2	24
23.0451	45.113	2023	2	28	0.3	12.1	14	26	30
23.0754	45.1383	2023	2	28	1.3	14.7	15	16	13
23.1528	45.1811	2023	2	28	0.6	15.6	15	39	9
23.1783	45.2115	2023	2	28	0.2	16	15	48	13
23.1882	45.1897	2023	2	28	0.5	16.6	16	17	49
23.1832	45.1546	2023	2	28	1.1	16.6	17	5	10
23.1255	45.1644	2023	2	28	0.7	15.7	17	34	9
23.1750	45.163	2023	2	28	1.3	18.2	17	35	7
23.0795	45.1309	2023	2	28	1.4	14.3	17	38	36
23.1384	45.1507	2023	2	28	0.4	19.2	18	2	30
23.0909	45.1381	2023	2	28	0.1	17.3	18	45	5
23.1439	45.1614	2023	2	28	0.1	17.2	18	46	47
23.1180	45.1574	2023	2	28	0.3	17.1	19	16	43
23.1088	45.1575	2023	2	28	0.7	17.2	19	41	5
23.1528	45.1725	2023	2	28	0.9	18.5	19	46	51
23.1152	45.1551	2023	2	28	0.9	16.2	19	49	0
23.1087	45.1319	2023	2	28	0.1	17.5	21	11	23
23.1979	45.1826	2023	2	28	0.4	16.4	21	24	7
23.1087	45.1467	2023	2	28	1.1	16.4	21	27	3
23.1869	45.1773	2023	2	28	0.7	15.8	21	48	19
23.1586	45.1731	2023	2	28	0.2	18.1	21	55	45
23.1025	45.1438	2023	2	28	0.1	17.1	21	58	18
23.0921	45.1415	2023	2	28	0.9	15.9	22	6	44
23.1454	45.1572	2023	2	28	0.7	17.8	22	25	32
23.2012	45.1788	2023	2	28	0.1	18.8	22	33	49
23.1425	45.1637	2023	2	28	0.2	16.2	22	50	43
23.1692	45.1415	2023	2	28	0.4	20.5	23	2	50
23.1595	45.1537	2023	2	28	0.4	14.6	23	23	43
23.0786	45.1183	2023	2	28	0.2	16.8	23	27	12
23.1133	45.1352	2023	2	28	1	17.7	23	35	57
23.2727	45.2246	2023	2	28	0.3	19.7	23	57	17
23.1175	45.1562	2023	3	1	0.5	17.5	0	6	2
23.1611	45.1822	2023	3	1	1.4	18.1	0	48	39
23.1997	45.1615	2023	3	1	1.5	16.9	1	11	41
23.1351	45.1785	2023	3	1	0.1	22.9	1	22	40
23.1154	45.1345	2023	3	1	0.5	17.3	1	30	6
23.1097	45.1241	2023	3	1	0.2	14.6	1	35	29
23.1233	45.1521	2023	3	1	0.5	17.1	1	43	54
23.1382	45.168	2023	3	1	0.4	17.8	1	46	4
23.1171	45.1744	2023	3	1	1	12.9	2	51	37
23.1759	45.1954	2023	3	1	0.2	16.5	3	38	46
23.1155	45.1512	2023	3	1	1.2	18.2	3	47	10
23.0971	45.1277	2023	3	1	0.2	18	4	1	23
23.1301	45.1243	2023	3	1	0.9	18.3	4	5	21
23.0540	45.1349	2023	3	1	1.3	13.9	4	31	34
23.1565	45.1667	2023	3	1	0.1	16	4	43	48
23.1057	45.1551	2023	3	1	1.2	15.4	5	19	31
23.0768	45.1288	2023	3	1	0.5	16.1	6	50	9
23.1856	45.1925	2023	3	1	1.1	15.8	7	33	59
23.1408	45.1741	2023	3	1	1.8	14.6	8	13	18
23.1746	45.1817	2023	3	1	1	17.7	8	28	48
23.1453	45.1586	2023	3	1	0.9	16.5	9	0	7
23.0972	45.1451	2023	3	1	0.5	16.9	9	36	16
23.1497	45.1352	2023	3	1	0.4	19	9	38	34
23.1118	45.1702	2023	3	1	1.6	17.2	12	34	58
23.1365	45.1765	2023	3	1	0.8	17.6	14	27	29
23.1206	45.1631	2023	3	1	1.4	17.7	14	35	2
23.1147	45.1353	2023	3	1	1.3	19.3	15	11	43
23.0841	45.1615	2023	3	1	1.8	14.1	16	41	26
23.1481	45.1712	2023	3	1	0.6	17.5	17	7	29
23.1637	45.1823	2023	3	1	1.2	18.7	17	19	57
23.1036	45.1199	2023	3	1	0.4	15.4	21	8	53
23.1039	45.1679	2023	3	1	0.7	16.8	21	37	40
23.0993	45.1623	2023	3	1	0.5	17.8	21	38	26
23.1783	45.1801	2023	3	1	0.7	16.4	22	6	27
23.1663	45.1708	2023	3	1	0.6	16.3	22	52	8
23.1069	45.1399	2023	3	1	0.6	16.6	23	9	46
23.1034	45.1567	2023	3	2	0.3	17.3	0	7	30
23.1019	45.165	2023	3	2	0.5	18.3	0	49	19
23.0961	45.1487	2023	3	2	0.5	17.8	0	51	33
23.1122	45.1523	2023	3	2	1.7	17.8	4	21	28
23.1048	45.1398	2023	3	2	0.4	16.4	5	10	7
23.0647	45.1602	2023	3	2	2.3	11.6	9	55	21
23.1631	45.2022	2023	3	2	1	15.2	13	36	7
23.1160	45.1404	2023	3	2	1.1	16.3	16	55	58
23.1692	45.201	2023	3	2	0.7	15.5	17	26	22
23.2178	45.1411	2023	3	2	0.4	23.4	18	10	39
23.1557	45.1667	2023	3	2	0.2	18.1	18	43	38
23.1385	45.147	2023	3	2	0.5	20.9	19	5	4
23.1646	45.1842	2023	3	2	0.4	19.2	19	28	24
23.1145	45.1442	2023	3	2	1.2	18.2	19	37	18
23.1461	45.1746	2023	3	2	0.8	23.4	20	12	8
23.1992	45.1832	2023	3	2	0.4	19.5	20	31	27
23.1817	45.1408	2023	3	2	0.5	24	20	54	23
23.1566	45.08	2023	3	2	0.5	16.9	22	54	6
23.1161	45.1525	2023	3	2	0.1	17	23	39	2
23.1184	45.1292	2023	3	2	0.4	15.9	23	57	34
23.0712	45.121	2023	3	3	1.9	11.9	0	4	59
23.1330	45.171	2023	3	3	0.9	17.7	0	7	19
23.1366	45.1699	2023	3	3	0.7	16.4	0	16	19
23.1157	45.1489	2023	3	3	0.7	19.4	0	54	29
23.1068	45.1367	2023	3	3	0.3	17	1	7	0
23.1228	45.1545	2023	3	3	0.7	16.8	1	11	24
23.1432	45.1388	2023	3	3	0.9	17.6	2	29	39
23.2136	45.1741	2023	3	3	0.8	19.5	2	39	32
23.1095	45.1485	2023	3	3	0.5	16.3	2	47	5
23.0695	45.1414	2023	3	3	1.5	12.6	3	55	8
23.1313	45.1565	2023	3	3	0.6	17.5	4	7	15
23.1120	45.1433	2023	3	3	0.4	16.9	5	13	56
23.1203	45.1787	2023	3	3	0.7	16.8	6	17	32
23.2300	45.1968	2023	3	3	1	10.4	6	26	12
23.0530	45.1516	2023	3	3	0.8	12.5	7	8	11
23.1440	45.1452	2023	3	3	1.1	17.7	7	57	28
23.0925	45.1627	2023	3	3	1.6	15.4	8	26	31
23.1370	45.1618	2023	3	3	1.1	17.2	9	17	39
23.1002	45.1459	2023	3	3	1.8	15.8	9	20	7
23.2093	45.1956	2023	3	3	1.2	17.6	10	1	23
23.1516	45.1595	2023	3	3	0.7	16.4	11	37	54
23.1395	45.1175	2023	3	3	1.3	16.7	12	23	50
23.1747	45.15	2023	3	3	1.5	17.9	12	52	0
23.1760	45.1294	2023	3	3	0.6	16.4	13	58	33
23.1278	45.1458	2023	3	3	1	18.6	15	9	19
23.1173	45.0174	2023	3	3	1.2	19.6	15	24	41
23.1532	45.1458	2023	3	3	1.9	19.8	16	48	37
23.2028	45.1715	2023	3	3	1.4	17.1	17	46	54
23.1591	45.167	2023	3	3	2.2	16.3	19	8	18
23.0456	45.1449	2023	3	3	2.2	12.1	19	51	43
23.1015	45.1398	2023	3	3	1.2	16.9	22	15	26
23.1306	45.1754	2023	3	4	2.3	14	1	25	20
23.1043	45.1426	2023	3	4	0.7	16.4	1	38	16
23.1969	45.1783	2023	3	4	1.3	16.9	1	46	48
23.1753	45.1725	2023	3	4	1.4	17.5	1	55	19
23.1143	45.1596	2023	3	4	1.2	14.8	2	25	54
23.1148	45.1315	2023	3	4	0.4	15.3	2	49	55
22.9433	45.1374	2023	3	4	1	20.8	3	5	15
23.2556	45.0505	2023	3	4	0.5	9.4	3	25	13
23.1257	45.1399	2023	3	4	0.6	18	3	38	56
23.1084	45.183	2023	3	4	0.5	19.7	4	32	37
23.1090	45.1514	2023	3	4	0.1	9.9	4	46	23
23.1418	45.1427	2023	3	4	1.2	15.6	5	51	55
23.1139	45.1335	2023	3	4	0.7	11.8	6	21	13
23.1057	45.1136	2023	3	4	1.4	15	8	21	40
23.0988	45.1311	2023	3	4	1	17.9	8	30	31
23.0896	45.1348	2023	3	4	0.3	15.6	9	32	35
23.0772	45.1363	2023	3	4	1.7	15.8	9	36	49
23.1178	45.1532	2023	3	4	0.9	17.2	10	26	43
23.1037	45.1548	2023	3	4	1.2	16	10	49	50
23.1267	45.1557	2023	3	4	0.4	14.4	10	57	32
23.1813	45.1605	2023	3	4	2	14.3	11	0	20
23.0905	45.1317	2023	3	4	0.9	16.8	11	27	0
23.1238	45.1397	2023	3	4	0.7	16.6	12	4	37
23.1257	45.1536	2023	3	4	0.7	14.2	12	17	54
23.1289	45.1427	2023	3	4	0.7	17.5	13	1	29
23.1272	45.162	2023	3	4	0.8	20.3	14	57	15
23.1164	45.1424	2023	3	4	0.5	17.7	15	4	28
23.2053	45.1648	2023	3	4	0.7	18.4	15	5	1
23.2888	45.2237	2023	3	4	0.3	20.2	15	40	33
23.3758	45.2912	2023	3	4	1.3	21.4	16	31	53
23.0709	45.1384	2023	3	4	0.8	16.5	17	48	11
23.0812	45.1579	2023	3	4	1.7	15.6	17	53	27
23.1058	45.1588	2023	3	4	1.9	17.3	18	28	55
23.3699	45.283	2023	3	4	1	21.5	18	45	31
23.1372	45.1634	2023	3	4	0.8	16.3	18	56	45
23.1264	45.1659	2023	3	4	0.6	16.9	19	14	44
23.1254	45.1713	2023	3	4	0.5	17.1	19	28	46
23.1083	45.1444	2023	3	4	0.7	19.2	20	34	12
23.1063	45.1461	2023	3	4	0.7	20.2	20	39	36
23.0978	45.1401	2023	3	4	0.4	17.7	20	46	43
23.1245	45.1715	2023	3	4	0.4	10.5	20	56	38
23.1448	45.1521	2023	3	4	0.4	16.5	21	26	59
23.1041	45.1315	2023	3	4	1.2	16.5	22	1	10
23.0972	45.147	2023	3	4	3.8	11.1	22	55	25
23.0815	45.1354	2023	3	4	1	16.5	23	1	49
23.1084	45.1585	2023	3	4	0.5	15.4	23	10	55
23.1514	45.1586	2023	3	4	0.6	16.6	23	22	54
23.1466	45.1545	2023	3	4	0.9	15.5	23	39	48
23.1568	45.1581	2023	3	5	0.5	16.2	0	8	51
23.1379	45.1583	2023	3	5	0.6	17.4	0	20	8
23.1666	45.1808	2023	3	5	0.4	13.4	0	31	9
23.1883	45.1701	2023	3	5	0.6	15.3	0	55	44
23.1948	45.1699	2023	3	5	0.3	16.1	0	57	16
23.1495	45.1678	2023	3	5	0.3	16.9	1	29	9
23.1174	45.1547	2023	3	5	1.5	17.5	1	31	38
23.1022	45.1343	2023	3	5	0.1	16	1	34	20
23.1797	45.1489	2023	3	5	0.4	16.4	1	35	38
23.1019	45.1667	2023	3	5	2.6	15.8	1	43	42
23.1448	45.1587	2023	3	5	0.6	14.8	1	47	41
23.1813	45.1652	2023	3	5	0.3	15.8	1	50	39
23.0898	45.1419	2023	3	5	1.2	15.9	2	5	22
23.1319	45.1601	2023	3	5	0.3	18.3	2	6	50
23.0919	45.1404	2023	3	5	1	16.8	2	22	27
23.0963	45.1327	2023	3	5	1.3	16.5	2	30	56
23.1368	45.1711	2023	3	5	0.4	16.4	2	36	2
23.1398	45.1491	2023	3	5	0.3	18.7	3	17	46
23.1512	45.1649	2023	3	5	0.5	15.7	3	32	6
23.1611	45.1528	2023	3	5	0.5	16.9	3	44	24
23.1358	45.1513	2023	3	5	1.3	14.4	3	50	30
23.1497	45.1328	2023	3	5	0.4	18.2	4	6	42
23.1821	45.1695	2023	3	5	0.3	17.3	4	17	15
23.1309	45.2244	2023	3	5	0.8	15.3	5	36	42
23.1590	45.1643	2023	3	5	0.3	14	6	0	19
23.1437	45.1114	2023	3	5	0.3	16.7	6	10	49
23.1192	45.1663	2023	3	5	0.6	17.4	7	49	56
23.1383	45.1471	2023	3	5	0.7	17.5	8	6	19
23.1295	45.1654	2023	3	5	0.2	16.6	9	41	20
23.2216	45.191	2023	3	5	1.1	16.9	9	55	54
23.1803	45.1569	2023	3	5	0.8	17	10	5	36
23.1262	45.1555	2023	3	5	1.5	17.8	10	20	21
23.1403	45.1706	2023	3	5	0.7	18	11	21	4
23.1496	45.1617	2023	3	5	0.1	16.1	11	43	14
23.1083	45.1264	2023	3	5	1.6	16.9	11	52	9
23.1747	45.1806	2023	3	5	0.4	13.9	12	14	23
23.1599	45.143	2023	3	5	0.4	16.2	12	39	53
23.1657	45.1684	2023	3	5	0.7	17.6	13	24	11
23.1308	45.1228	2023	3	5	0.6	14.4	13	48	8
23.2240	45.1842	2023	3	5	0.6	18.5	13	54	8
23.1385	45.1603	2023	3	5	0.6	17.9	13	56	46
23.1579	45.1481	2023	3	5	0.9	17.2	14	35	11
23.2377	45.1685	2023	3	5	0.7	18.4	14	42	11
23.1412	45.1647	2023	3	5	0.6	18.4	14	55	12
23.0917	45.1545	2023	3	5	2.8	16	15	4	57
23.1392	45.1493	2023	3	5	1.2	17	15	35	45
23.0822	45.1489	2023	3	5	0.7	12.1	15	37	2
23.1575	45.1642	2023	3	5	1.1	19.1	15	41	13
23.1866	45.1205	2023	3	5	0.6	14.2	16	3	23
23.0931	45.1598	2023	3	5	2	16.1	16	17	40
23.1405	45.1588	2023	3	5	1.4	19.3	16	40	2
23.1338	45.1591	2023	3	5	0.9	18.3	17	12	24
23.1864	45.1802	2023	3	5	0.5	18.2	18	45	58
23.1631	45.1535	2023	3	5	0.2	15.1	19	50	37
23.1407	45.1684	2023	3	5	0.6	18.3	20	2	32
23.1140	45.1088	2023	3	5	1.2	16.1	20	33	49
23.2142	45.1763	2023	3	5	0.5	14	20	56	41
23.0886	45.1421	2023	3	5	1.3	16.1	21	0	12
23.0778	45.1491	2023	3	5	2.3	14.4	21	21	48
23.0973	45.1296	2023	3	5	0.4	14	22	41	31
23.1449	45.1677	2023	3	5	0.6	17	23	33	34
23.1108	45.1221	2023	3	6	0.7	16.3	0	43	49
23.1840	45.1648	2023	3	6	0.8	18	1	6	47
23.1523	45.1612	2023	3	6	0.5	14.5	1	45	7
23.1235	45.151	2023	3	6	0.3	16.9	1	54	43
23.1364	45.1663	2023	3	6	0.3	16.1	2	0	10
23.1206	45.1323	2023	3	6	0.3	16.8	2	11	5
23.0680	45.1559	2023	3	6	0	12.2	2	16	28
23.3155	45.2371	2023	3	6	0.7	17.5	2	21	18
23.1289	45.1245	2023	3	6	0.5	16.3	3	27	7
23.1542	45.1384	2023	3	6	0.8	13	3	30	59
23.1626	45.1202	2023	3	6	0.6	17.4	3	31	41
23.1268	45.1409	2023	3	6	0.4	16.5	3	57	54
23.1148	45.1462	2023	3	6	1.6	16.1	10	43	49
23.1344	45.1146	2023	3	6	1.4	17.7	10	44	19
23.1245	45.1408	2023	3	6	1.3	19.2	12	30	7
23.1306	45.1473	2023	3	6	1.6	15.6	12	47	20
23.0825	45.1362	2023	3	6	0.8	16.3	15	25	35
23.1257	45.1466	2023	3	6	1.3	16.6	15	35	23
23.1065	45.1539	2023	3	6	0.9	16.8	15	56	59
23.0937	45.1516	2023	3	6	1.2	17.7	17	9	54
23.2334	45.2092	2023	3	6	0.6	16.4	18	1	30
23.1189	45.1428	2023	3	6	1.4	18.2	18	11	56
23.1483	45.1684	2023	3	6	1.2	18.5	18	42	50
23.1247	45.1526	2023	3	6	0.7	17.8	19	29	0
23.0870	45.1552	2023	3	6	2	15.8	19	35	32
23.1471	45.1447	2023	3	6	0.8	17.7	19	52	15
23.1374	45.1387	2023	3	6	0.7	20.2	20	2	2
23.1364	45.1668	2023	3	6	0.1	17.7	20	32	54
23.2701	45.2299	2023	3	6	0.6	14.5	20	51	40
23.1541	45.1657	2023	3	6	0.3	16.4	20	55	11
23.1546	45.1638	2023	3	6	1.2	16.7	21	7	38
23.1726	45.1701	2023	3	6	0.4	16.4	21	10	56
23.1577	45.1738	2023	3	6	0.7	15.7	21	27	16
23.1072	45.1665	2023	3	6	1	16.8	22	1	45
23.1124	45.1712	2023	3	6	0.5	17.2	22	17	31
23.0979	45.1386	2023	3	6	0.4	16.9	22	29	5
23.1062	45.1535	2023	3	6	0.5	17.6	23	9	55
23.1952	45.1627	2023	3	6	0.5	17.1	23	34	48
23.1338	45.142	2023	3	7	0.6	17.4	1	32	38
23.1237	45.1644	2023	3	7	0.4	17.1	1	41	7
23.1460	45.1531	2023	3	7	0.4	17.3	1	58	50
23.0803	45.1577	2023	3	7	1.9	13.8	3	16	48
23.0601	45.1681	2023	3	7	2.1	12.4	4	42	18
23.0993	45.1366	2023	3	7	0.4	13.9	6	34	46
23.0885	45.1467	2023	3	7	2.1	15.4	6	41	34
23.0956	45.1314	2023	3	7	0.9	16.3	6	42	40
23.1004	45.1657	2023	3	7	1.8	16.4	7	30	59
23.1506	45.1506	2023	3	7	0.6	16.8	7	38	14
23.1250	45.1653	2023	3	7	2.5	13.4	8	52	59
23.1288	45.1467	2023	3	7	0.9	15.9	8	55	17
23.1339	45.151	2023	3	7	1.5	20.1	9	18	3
23.1195	45.1275	2023	3	7	0.6	12.9	10	20	56
23.0987	45.1639	2023	3	7	2.2	16.1	13	6	49
23.1762	45.1939	2023	3	7	0.4	12.2	14	26	10
23.1694	45.1672	2023	3	7	0.8	14.8	15	21	1
23.1463	45.1515	2023	3	7	1.2	19.6	15	52	16
23.1316	45.1437	2023	3	7	0.7	17.5	16	3	14
23.0584	45.1363	2023	3	7	1.5	13.1	17	44	49
23.1336	45.1593	2023	3	7	0.4	18.4	18	30	32
23.1243	45.1512	2023	3	7	0.3	18.9	20	19	43
23.1332	45.1646	2023	3	8	0.6	17.1	0	14	49
23.1037	45.1407	2023	3	8	0.2	18.8	1	19	6
23.1516	45.154	2023	3	8	0.5	19.6	2	24	6
23.1332	45.1459	2023	3	8	0.3	18.2	2	43	3
23.1216	45.1731	2023	3	8	0.4	20.5	3	1	10
23.1408	45.1635	2023	3	8	0.8	18.4	3	23	31
23.2055	45.1833	2023	3	8	1	20.4	4	5	59
23.2131	45.1785	2023	3	8	1.1	20	4	6	52
23.1460	45.1749	2023	3	8	0.9	17.6	8	40	20
23.1664	45.1317	2023	3	8	1.1	18.5	9	44	28
23.1172	45.137	2023	3	8	1.9	17.4	12	38	22
23.1403	45.1507	2023	3	8	1.4	20.5	12	46	36
23.1003	45.1493	2023	3	8	1.2	15.4	13	6	39
23.0761	45.145	2023	3	8	1.8	16.2	13	13	29
23.1200	45.1582	2023	3	8	1.5	17.4	13	21	25
23.1416	45.1593	2023	3	8	1	18.4	13	29	23
23.1344	45.164	2023	3	8	1.1	20	13	36	49
23.1050	45.131	2023	3	8	1.1	17	13	44	3
23.0783	45.131	2023	3	8	0.5	15.2	14	15	10
23.0944	45.1508	2023	3	8	1.9	14.5	14	53	21
23.0967	45.1457	2023	3	8	2.1	16	16	4	33
23.0825	45.1294	2023	3	8	1.4	15.7	16	9	2
23.1443	45.1602	2023	3	8	0.7	14.7	16	13	34
23.1522	45.1892	2023	3	8	0.4	15.5	19	2	6
23.0865	45.145	2023	3	8	1.2	15.4	19	4	21
23.1347	45.128	2023	3	8	0.4	21.2	19	7	49
23.1352	45.1634	2023	3	8	1	17.5	19	46	38
23.1416	45.1459	2023	3	8	0.2	18.9	20	1	0
23.1216	45.1228	2023	3	8	1.2	16	20	16	35
23.1543	45.1672	2023	3	8	0.2	19	20	41	53
23.1574	45.1632	2023	3	8	0.4	14.8	22	6	25
23.0961	45.1358	2023	3	8	1.3	16.1	22	47	25
23.0518	45.1552	2023	3	8	1.2	11.4	23	14	11
23.2194	45.1936	2023	3	9	0.8	16.7	0	7	31
23.1314	45.1327	2023	3	9	0.6	17.9	1	21	44
23.1722	45.1899	2023	3	9	0	13.8	1	32	42
23.1584	45.1563	2023	3	9	0.3	18	1	38	47
23.1138	45.149	2023	3	9	0.6	18.2	1	57	50
23.1306	45.1626	2023	3	9	0.5	18.7	2	5	56
23.0956	45.1465	2023	3	9	0.8	15.4	3	35	51
23.1536	45.2065	2023	3	9	0.7	12.2	4	3	22
23.1285	45.1652	2023	3	9	0.9	15.8	4	46	18
23.1222	45.1422	2023	3	9	0.8	20.7	4	46	59
23.1710	45.1879	2023	3	9	1.1	15.4	6	4	21
23.1049	45.1347	2023	3	9	1.8	14.2	7	7	31
23.1890	45.1711	2023	3	9	1.4	16.3	8	45	19
23.1297	45.1482	2023	3	9	0.9	17.5	11	4	6
23.1449	45.1774	2023	3	9	0.4	18.1	13	11	57
23.0974	45.1115	2023	3	9	0.5	15.5	14	20	34
23.1627	45.1525	2023	3	9	1	17.5	14	23	4
23.0958	45.1286	2023	3	9	2	14.8	14	27	33
23.1231	45.158	2023	3	9	2.7	14.2	14	28	15
23.1808	45.1678	2023	3	9	0.6	16.6	15	41	23
23.1201	45.1318	2023	3	9	1.8	18.3	17	13	21
23.1192	45.1219	2023	3	9	1	14.1	17	19	55
23.1783	45.1861	2023	3	9	0.2	15.5	17	31	16
23.1760	45.1599	2023	3	9	0.4	14.2	17	32	42
23.0960	45.138	2023	3	9	0.8	15.9	17	35	24
23.1352	45.1621	2023	3	9	0.5	18.2	17	55	33
23.1285	45.1451	2023	3	9	0.2	16.1	18	14	58
23.1628	45.1433	2023	3	9	1	16.1	18	33	2
23.1620	45.1787	2023	3	9	0.5	11	18	44	12
23.1244	45.1645	2023	3	9	2	16.8	18	45	22
23.1742	45.1434	2023	3	9	0.4	17.9	18	48	27
23.1306	45.1646	2023	3	9	0.2	20.1	19	51	0
23.1790	45.1558	2023	3	9	2	16.1	20	29	7
23.1145	45.1424	2023	3	9	0.6	17	20	52	59
23.2847	45.1975	2023	3	9	0.1	16.3	21	1	45
23.1274	45.152	2023	3	9	1.2	17	21	17	22
23.1181	45.1293	2023	3	9	1.7	17	21	36	5
23.1111	45.119	2023	3	9	0.1	12.1	22	33	14
23.1296	45.1559	2023	3	10	0.1	16.7	1	50	19
23.1038	45.1263	2023	3	10	1.7	14.4	2	3	30
23.1454	45.1285	2023	3	10	0.9	20.3	2	57	44
23.1186	45.1448	2023	3	10	1.3	15.7	3	35	48
23.1234	45.1721	2023	3	10	1	14.3	3	47	27
23.1706	45.1819	2023	3	10	0.8	17.9	9	16	21
23.1396	45.1686	2023	3	10	1.3	16.7	10	24	24
23.1325	45.1802	2023	3	10	1.9	17	12	30	5
23.0790	45.1405	2023	3	10	0.5	17	14	1	15
23.1961	45.1766	2023	3	10	0.7	16.2	14	48	56
23.1751	45.1665	2023	3	10	1.5	16.1	15	44	25
23.1045	45.1224	2023	3	10	0.3	19.6	15	55	38
23.0896	45.1379	2023	3	10	2.8	12.2	17	39	48
23.1447	45.1815	2023	3	10	0.6	4.8	17	44	21
23.1405	45.1406	2023	3	10	0.5	18.2	18	26	55
23.3769	45.3372	2023	3	10	1.2	10	18	39	3
23.1354	45.1334	2023	3	10	0.4	19.8	18	43	41
23.1160	45.1543	2023	3	10	1.2	18.1	18	46	8
23.1258	45.139	2023	3	10	1.3	21.1	19	0	58
23.1365	45.1627	2023	3	10	0.1	18.3	20	29	25
23.1182	45.1359	2023	3	10	0.3	15.9	21	4	50
23.1428	45.1374	2023	3	10	0.1	19.6	21	37	7
23.1777	45.1866	2023	3	10	0.7	16.4	21	50	13
23.2127	45.1663	2023	3	10	0.8	19.7	22	59	30
23.1639	45.1426	2023	3	10	0.2	17	23	54	4
23.1095	45.1635	2023	3	11	0.3	16.6	1	24	29
23.1084	45.1528	2023	3	11	0.4	18.3	1	35	29
23.1387	45.1475	2023	3	11	0.3	17.9	2	3	3
23.1368	45.1696	2023	3	11	0.5	18.9	3	37	25
23.1320	45.1673	2023	3	11	0.6	16.6	3	38	33
23.1196	45.1265	2023	3	11	0.6	13.8	3	42	0
23.1854	45.1579	2023	3	11	0.5	15.8	3	53	53
23.1337	45.144	2023	3	11	0.3	20.6	4	24	2
23.1357	45.1414	2023	3	11	0.3	13.7	4	45	11
23.1264	45.1559	2023	3	11	0.9	17.4	5	5	37
23.0876	45.1348	2023	3	11	0.6	16.3	5	27	21
23.1327	45.1476	2023	3	11	0.6	23.6	6	37	57
23.1675	45.1595	2023	3	11	0.3	17.5	8	42	6
23.1029	45.1463	2023	3	11	1.1	17.4	9	3	35
23.1957	45.1622	2023	3	11	0.5	19.2	9	28	5
23.1308	45.1613	2023	3	11	1.2	17.6	10	21	10
23.1089	45.1406	2023	3	11	0.4	14.3	12	28	15
23.1523	45.1807	2023	3	11	2.4	15.4	13	25	46
23.1266	45.1526	2023	3	11	0.9	16.8	13	27	51
23.1741	45.1687	2023	3	11	2.5	16.3	13	28	57
23.1691	45.1823	2023	3	11	3.5	17.1	14	17	6
23.0998	45.1427	2023	3	11	1.2	16.6	14	44	41
23.1140	45.1513	2023	3	11	0.7	16.1	15	20	38
23.0948	45.1432	2023	3	11	0.5	17.8	15	36	26
23.0774	45.1442	2023	3	11	0.5	15.7	16	12	44
23.1176	45.1531	2023	3	11	1.1	17.2	16	17	23
23.2469	45.2425	2023	3	11	0.9	16.3	16	39	13
23.0569	45.143	2023	3	11	1.6	14	17	40	53
23.1053	45.167	2023	3	11	2.6	13.9	17	51	56
23.1564	45.167	2023	3	11	0.6	18	18	2	27
23.0809	45.1464	2023	3	11	0.3	17.5	18	22	21
23.0750	45.1484	2023	3	11	1.8	12.9	18	29	55
23.1710	45.1759	2023	3	11	0.7	17.4	18	44	1
23.1293	45.1546	2023	3	11	0.1	12.3	18	59	14
23.1789	45.1794	2023	3	11	0.3	15.1	19	16	49
23.1983	45.1697	2023	3	11	1	17.9	19	38	3
23.1197	45.1244	2023	3	11	1.1	15.1	19	41	5
23.0838	45.1364	2023	3	11	2.2	14.6	20	12	55
23.1174	45.1414	2023	3	11	0.7	16.6	20	15	33
23.0787	45.1485	2023	3	11	1.4	14.1	20	20	11
23.1210	45.1538	2023	3	11	0.5	16.8	20	24	45
23.1075	45.1516	2023	3	11	0.9	18.2	20	34	27
23.1040	45.1516	2023	3	11	0.4	17.2	21	5	21
23.0808	45.1392	2023	3	11	0.6	12.1	21	27	47
23.1193	45.1334	2023	3	11	0.4	16.6	22	0	27
23.1689	45.1494	2023	3	11	0.2	16.8	22	9	47
23.1239	45.1462	2023	3	11	0.4	18	22	11	44
23.2064	45.1636	2023	3	12	0.8	15.3	2	41	9
23.0982	45.148	2023	3	12	0.5	16.2	3	7	42
23.1137	45.1129	2023	3	12	0.4	13.8	3	16	57
23.1338	45.1414	2023	3	12	0.2	15.5	3	45	58
23.1342	45.1639	2023	3	12	0.8	15.8	4	36	56
23.1461	45.1444	2023	3	12	0.5	15.6	4	48	11
23.0668	45.1528	2023	3	12	1.7	13.2	5	34	35
23.1553	45.1599	2023	3	12	0.9	18.2	5	39	26
23.0724	45.1592	2023	3	12	1.3	14.5	5	40	26
23.1388	45.1484	2023	3	12	0.6	18.9	8	4	0
23.1294	45.1618	2023	3	12	1.2	19	8	7	53
23.1229	45.1238	2023	3	12	0.9	23.9	9	47	18
23.1644	45.1638	2023	3	12	0.1	17.1	9	55	39
23.1222	45.1373	2023	3	12	1.5	19.4	10	45	25
23.1650	45.1435	2023	3	12	3.6	15.7	12	15	9
23.1948	45.1774	2023	3	12	0.6	18.5	12	23	21
23.1375	45.1374	2023	3	12	0.6	18.7	12	56	46
23.2028	45.1758	2023	3	12	0.6	16.9	13	19	17
23.0871	45.1042	2023	3	12	0.8	13.9	13	46	36
23.1238	45.1625	2023	3	12	0.2	15.4	14	35	10
23.1088	45.1333	2023	3	12	0.6	11.4	15	12	32
23.1374	45.1682	2023	3	12	0.7	17.3	16	24	9
23.1354	45.1572	2023	3	12	0.9	19	16	29	30
23.2163	45.1757	2023	3	12	0.5	17.2	17	1	34
23.0905	45.1319	2023	3	12	0.6	15.2	17	51	38
23.0927	45.1218	2023	3	12	0.8	16.3	17	56	25
23.0559	45.1336	2023	3	12	2.5	13	19	12	12
23.1183	45.1277	2023	3	12	0.1	19.7	19	21	53
23.1531	45.1779	2023	3	12	0.5	15.5	20	16	22
23.1781	45.1585	2023	3	12	0.3	17.7	20	32	46
23.1203	45.1109	2023	3	12	0.4	14.4	21	16	53
23.2380	45.2003	2023	3	12	0.6	16.5	21	29	24
23.1474	45.1443	2023	3	12	0.8	20.1	21	42	56
23.1763	45.1458	2023	3	12	0.1	20.1	21	44	22
23.1529	45.1578	2023	3	12	0.6	15.9	22	19	17
23.1382	45.14	2023	3	12	0.3	18.3	22	22	40
23.1203	45.1519	2023	3	12	0.4	15.7	22	53	12
23.1269	45.1422	2023	3	12	0.7	18.1	22	58	35
23.1141	45.1609	2023	3	12	0.4	10.8	23	8	37
23.1413	45.1342	2023	3	12	0.4	18	23	13	1
23.1261	45.1496	2023	3	13	0.6	19.6	0	19	20
23.1271	45.1559	2023	3	13	1	19	1	20	20
23.1676	45.1415	2023	3	13	0.7	19.8	2	12	5
23.1059	45.1308	2023	3	13	0.2	16.2	2	32	6
23.0969	45.1534	2023	3	13	1.4	10.2	4	48	29
23.0957	45.1158	2023	3	13	0.3	12.3	4	59	49
23.1057	45.1561	2023	3	13	2.3	11.9	8	9	41
23.0946	45.1372	2023	3	13	1.1	15	8	18	55
23.0783	45.1152	2023	3	13	0.7	14.4	8	19	40
23.1146	45.1372	2023	3	13	0.6	17	8	36	19
23.0955	45.1351	2023	3	13	1	16.6	9	52	24
23.1053	45.1254	2023	3	13	0.5	15.2	12	16	31
23.0870	45.1259	2023	3	13	1.4	15.3	13	59	7
23.1158	45.1469	2023	3	13	0.7	18.1	17	59	43
23.1688	45.1203	2023	3	13	0.4	19.8	18	0	57
23.1801	45.124	2023	3	13	1.1	22.4	20	6	15
23.1560	45.1371	2023	3	13	0.8	21.5	23	24	1
23.1383	45.0989	2023	3	14	0.5	17.6	0	2	47
23.0871	45.1192	2023	3	14	0.7	16.9	0	43	46
23.1251	45.1689	2023	3	14	1.6	14.4	2	14	2
23.1559	45.1578	2023	3	14	0.8	20.3	3	22	16
23.0507	45.1444	2023	3	14	0.8	12	5	36	24
23.1364	45.1215	2023	3	14	0.8	14.4	6	12	28
23.1975	45.1891	2023	3	14	0.9	20.3	6	40	53
23.1250	45.1874	2023	3	14	2.5	16.5	11	53	29
23.0891	45.1121	2023	3	14	0.5	14	12	27	34
23.0528	45.1497	2023	3	14	1.8	11.4	12	49	22
22.9303	45.149	2023	3	14	2.2	17.7	13	29	50
23.1608	45.1768	2023	3	14	0.5	16.2	14	29	24
23.1592	45.1636	2023	3	14	0.5	16.7	14	37	21
23.0957	45.1329	2023	3	14	0.7	14.5	15	10	38
23.0931	45.1328	2023	3	14	1.8	14	17	52	29
23.0989	45.161	2023	3	14	3.1	15	18	34	31
23.1073	45.1788	2023	3	14	0.3	11.4	18	59	54
23.1011	45.1584	2023	3	14	1.1	15.9	19	3	30
23.1222	45.146	2023	3	14	0.1	16.8	20	33	55
23.1294	45.165	2023	3	14	0.7	17.4	20	40	16
23.1652	45.1771	2023	3	14	0.2	14.5	20	48	30
23.1257	45.1672	2023	3	14	0.6	16.9	20	58	47
23.1871	45.1633	2023	3	14	0.4	15.7	21	9	14
23.1214	45.1703	2023	3	14	0.6	20.1	21	57	33
23.1444	45.1548	2023	3	14	0.5	16.7	22	4	51
23.1250	45.1604	2023	3	14	0.3	16.5	22	51	39
23.1412	45.1684	2023	3	14	0.2	18.6	23	12	39
23.1279	45.16	2023	3	14	0.4	17.1	23	15	55
23.1052	45.1517	2023	3	15	0.4	10.5	0	39	21
23.0903	45.1516	2023	3	15	0.6	17	0	40	18
23.1824	45.1421	2023	3	15	0.7	15.9	1	7	0
23.2249	45.092	2023	3	15	0.2	17.6	1	38	50
23.1215	45.1506	2023	3	15	0.9	17.2	2	24	1
23.1403	45.1672	2023	3	15	0.9	14.8	15	3	36
23.1486	45.1532	2023	3	15	3.3	16.1	17	33	28
23.0875	45.13	2023	3	15	1.8	15.3	18	8	52
23.1104	45.1217	2023	3	15	0.4	16.5	18	19	13
23.1272	45.157	2023	3	15	0.4	18.5	18	35	28
23.1083	45.1142	2023	3	15	0.4	14.3	19	13	51
23.0859	45.141	2023	3	15	2	13.6	19	41	20
23.1331	45.1376	2023	3	15	0.2	15.5	20	49	36
23.1113	45.1693	2023	3	15	1.7	15.6	22	11	48
23.1076	45.1556	2023	3	15	0.4	10.6	22	48	33
23.1105	45.1569	2023	3	15	0.2	16.7	22	53	0
23.0822	45.1486	2023	3	16	2	15.2	0	44	56
23.1142	45.1359	2023	3	16	0.1	13.9	1	11	5
23.1273	45.1621	2023	3	16	0.3	17.5	1	22	35
23.1091	45.1399	2023	3	16	0.3	17.3	1	46	9
23.2225	45.2439	2023	3	16	0.4	17.7	3	9	29
23.0814	45.116	2023	3	16	0.5	16.9	3	45	43
23.1890	45.2443	2023	3	16	0.4	17.7	4	15	21
23.1397	45.1641	2023	3	16	1	17.4	5	29	50
23.1039	45.1606	2023	3	16	1.1	17	6	14	47
23.0956	45.1454	2023	3	16	2.3	14.2	6	27	47
23.1379	45.1719	2023	3	16	1.5	16	8	21	51
23.1292	45.1635	2023	3	16	1.6	16.7	9	28	22
23.1489	45.18	2023	3	16	1.5	15.4	10	15	23
23.1000	45.1273	2023	3	16	0.7	16.4	13	33	31
23.1736	45.1699	2023	3	16	0.7	17.2	14	23	43
23.0780	45.1202	2023	3	16	0.3	15.5	16	42	9
23.1136	45.1533	2023	3	16	0.2	16.3	17	0	34
22.9507	45.1519	2023	3	16	1.1	20.8	17	12	11
23.2071	45.1649	2023	3	16	0.7	19.4	18	2	53
23.1514	45.1771	2023	3	16	0.7	17.6	18	7	26
23.1453	45.1477	2023	3	16	0.3	13.7	18	43	42
23.1789	45.1862	2023	3	16	0.5	14.6	18	50	16
23.1162	45.1514	2023	3	16	0.5	14.5	19	16	8
23.1163	45.1259	2023	3	16	0.6	16.8	20	42	42
23.1493	45.1277	2023	3	16	0.4	18	21	13	25
23.1208	45.1755	2023	3	16	1.3	16	22	20	49
23.1439	45.1553	2023	3	16	0.3	14.9	22	49	2
23.1847	45.2056	2023	3	17	0.3	10.2	0	42	25
23.1038	45.1421	2023	3	17	0.5	15.6	1	23	50
23.1290	45.1676	2023	3	17	0.7	17.4	3	17	37
23.1735	45.168	2023	3	17	0.9	17.4	4	17	58
23.1424	45.15	2023	3	17	1.1	19.5	11	15	1
23.1062	45.1452	2023	3	17	0.8	11.5	11	42	36
23.0638	45.133	2023	3	17	3.6	12.6	14	17	29
23.1485	45.1748	2023	3	17	0.4	15.5	14	22	0
23.1562	45.1678	2023	3	17	0.8	19.2	14	23	29
23.1291	45.1546	2023	3	17	0.3	20.8	14	42	14
23.1660	45.2731	2023	3	17	0.4	6	14	42	59
23.1533	45.1685	2023	3	17	0.2	19.1	14	53	6
23.1191	45.1735	2023	3	17	1.3	15.9	14	55	51
23.1460	45.1394	2023	3	17	0.7	20.4	14	57	28
23.1575	45.1851	2023	3	17	0.8	17.3	15	7	35
23.0870	45.1269	2023	3	17	0.8	16.5	15	24	3
23.1475	45.1611	2023	3	17	0.3	17.7	15	33	22
23.1494	45.1655	2023	3	17	0.5	17.3	15	35	46
23.1576	45.1991	2023	3	17	0.4	16.3	15	59	47
23.1496	45.1543	2023	3	17	0.7	19.4	16	37	28
23.1507	45.1573	2023	3	17	1.3	15.3	16	41	19
23.1063	45.1557	2023	3	17	1.9	16.5	16	48	35
23.0710	45.1576	2023	3	17	2.1	14.6	17	0	21
23.1579	45.1664	2023	3	17	1.7	15.6	17	1	26
23.1848	45.193	2023	3	17	0.7	13.6	18	55	43
23.1831	45.1554	2023	3	17	0.9	16.6	19	8	52
23.1909	45.1929	2023	3	17	1.2	17.7	19	26	2
23.1576	45.1504	2023	3	17	1.1	20.3	19	27	38
23.1408	45.1565	2023	3	17	0.4	19.8	20	5	42
23.1388	45.1677	2023	3	17	0.7	17.9	20	23	51
23.1413	45.1398	2023	3	17	0.7	18.2	20	32	27
23.1183	45.1248	2023	3	17	1.2	19	20	42	38
23.1131	45.1528	2023	3	17	0.4	19.3	20	51	47
23.0999	45.1272	2023	3	17	0.6	17.6	20	55	20
23.1282	45.1729	2023	3	17	0.2	18.5	21	24	45
23.1168	45.1451	2023	3	17	0.7	17.7	22	11	11
23.1039	45.1638	2023	3	17	1.7	17.3	22	48	57
23.1095	45.1201	2023	3	17	0.7	17.3	23	15	3
23.0752	45.1388	2023	3	17	1.4	14.7	23	22	36
23.1889	45.1902	2023	3	17	0.7	17.3	23	45	45
23.1252	45.146	2023	3	17	0.8	19.7	23	56	36
23.1148	45.1416	2023	3	17	1.5	16.8	23	59	6
23.0802	45.1572	2023	3	18	1.4	15.3	0	16	48
23.1284	45.1484	2023	3	18	1.4	19.4	0	22	57
23.2140	45.1669	2023	3	18	0.9	17.4	0	31	28
23.1034	45.1601	2023	3	18	1.8	17.2	1	1	48
23.1091	45.1534	2023	3	18	0.8	17.5	1	6	52
23.1255	45.15	2023	3	18	1	17.7	1	31	11
23.0688	45.153	2023	3	18	2.2	12.2	1	32	43
23.1020	45.155	2023	3	18	0.9	16.7	1	40	57
23.1091	45.1601	2023	3	18	1.6	16.1	1	44	12
23.1022	45.1521	2023	3	18	1.2	16.6	3	28	32
23.1217	45.1564	2023	3	18	0.7	20.6	3	47	9
23.1118	45.1411	2023	3	18	1.4	14.2	4	21	1
23.1324	45.1645	2023	3	18	0.7	17	4	30	9
23.1532	45.1644	2023	3	18	0.9	17.9	7	16	44
23.1532	45.1678	2023	3	18	0.4	18.2	8	8	44
23.1284	45.1637	2023	3	18	1.3	19.1	8	30	13
23.1418	45.177	2023	3	18	1	18.4	8	50	35
23.1338	45.1668	2023	3	18	1.2	19.4	10	32	33
23.1477	45.1658	2023	3	18	0.8	18	11	19	19
23.1489	45.1666	2023	3	18	0.7	17.8	11	21	8
23.2103	45.1926	2023	3	18	1.2	16.8	11	26	50
23.1565	45.1659	2023	3	18	0.7	18.2	11	53	29
23.1398	45.1561	2023	3	18	0.9	17.6	12	21	52
23.0799	45.1333	2023	3	18	2.1	12.4	16	24	15
23.1585	45.1554	2023	3	18	0.8	17.6	21	22	20
23.1183	45.1529	2023	3	18	1.5	17.7	21	31	55
23.1737	45.151	2023	3	18	0.6	17.5	21	53	44
23.1285	45.156	2023	3	18	1.1	18.4	22	45	2
23.1432	45.1588	2023	3	18	0.5	18.3	22	59	40
23.1347	45.1679	2023	3	18	0.3	17.6	23	10	26
23.1328	45.1563	2023	3	18	0.8	20	23	32	37
23.1006	45.1321	2023	3	18	0.5	16.6	23	55	41
23.1022	45.127	2023	3	18	0.7	16.7	23	56	23
23.1271	45.1432	2023	3	19	0.8	18.3	0	29	49
23.1452	45.1455	2023	3	19	0.1	16.8	0	37	5
23.1382	45.1472	2023	3	19	0.4	16.7	0	54	35
23.0730	45.151	2023	3	19	1.4	14.3	1	25	24
23.1043	45.1503	2023	3	19	0.2	18.4	3	29	53
23.0731	45.1339	2023	3	19	0.1	16.5	3	33	45
23.1156	45.1591	2023	3	19	0.2	16.9	4	0	55
23.0756	45.1397	2023	3	19	0.3	16.3	5	6	35
23.0760	45.1554	2023	3	19	0.3	13	5	24	48
23.0708	45.1569	2023	3	19	1.1	14.2	5	33	11
23.1497	45.1634	2023	3	19	0.2	17.6	6	21	18
23.0771	45.1593	2023	3	19	1.6	13.6	6	49	33
23.1323	45.1636	2023	3	19	0.7	16.5	6	53	3
23.1317	45.1265	2023	3	19	1.6	13.2	6	54	56
23.0646	45.1016	2023	3	19	0.3	8.8	8	42	46
23.1376	45.1838	2023	3	19	0.5	16.4	9	13	7
23.2103	45.2115	2023	3	19	0.6	16.9	11	31	12
23.2069	45.1863	2023	3	19	0.6	17.2	11	34	50
23.0633	45.0026	2023	3	19	1.5	11.9	15	2	32
23.0783	45.1067	2023	3	19	0.4	17.3	17	15	30
23.1237	45.1532	2023	3	19	0.5	17.2	17	17	16
23.1405	45.1508	2023	3	19	0.9	18.7	18	49	25
23.1408	45.1608	2023	3	19	0.5	16.9	19	2	27
23.0820	45.1623	2023	3	19	1.8	15	19	16	21
23.1135	45.1527	2023	3	19	0.6	18.3	19	57	40
23.1164	45.1879	2023	3	19	0.2	16.7	20	29	8
23.1082	45.1574	2023	3	19	1.6	15.6	21	17	56
23.2027	45.1593	2023	3	19	0.1	16.2	22	24	38
23.1267	45.1376	2023	3	19	0.6	20.4	22	43	23
23.0816	45.1604	2023	3	19	1.6	12.8	23	5	51
23.1180	45.1442	2023	3	19	0.2	15.3	23	16	39
23.1400	45.176	2023	3	19	0.7	14.2	23	55	0
23.1664	45.1569	2023	3	19	0.5	19.8	23	56	22
23.1014	45.1489	2023	3	20	0.3	15.9	0	18	3
23.1760	45.1416	2023	3	20	0.2	16.3	0	36	54
23.1077	45.121	2023	3	20	0.3	14.5	1	45	57
23.0896	45.1473	2023	3	20	1	15.8	4	24	40
23.1069	45.137	2023	3	20	0.9	17.2	4	55	41
23.0966	45.1272	2023	3	20	0.2	16.2	4	56	33
23.1021	45.1392	2023	3	20	0.3	16.4	5	3	45
23.1534	45.1804	2023	3	20	1.6	15.7	5	5	11
23.1615	45.1844	2023	3	20	1.7	15.7	5	7	43
23.1058	45.1393	2023	3	20	1.7	16	5	55	33
23.1242	45.1536	2023	3	20	0.6	17	8	47	16
23.1079	45.1419	2023	3	20	1.2	17.9	8	50	41
23.1094	45.149	2023	3	20	1.6	16.3	12	35	12
23.0876	45.1308	2023	3	20	1.2	17.4	12	58	18
23.1177	45.1607	2023	3	20	1.6	18.9	13	39	5
23.0654	45.1005	2023	3	20	4.9	14.7	14	2	17
23.0891	45.1329	2023	3	20	1.7	17.4	14	4	0
23.0812	45.1335	2023	3	20	1.8	17	14	4	36
23.0793	45.1127	2023	3	20	1.3	17.5	14	6	12
23.0419	45.0767	2023	3	20	0.7	8.9	14	8	18
23.1121	45.1276	2023	3	20	1.4	19.5	14	10	47
23.0809	45.1316	2023	3	20	1.6	17.2	14	11	18
23.0795	45.1362	2023	3	20	1.3	17.2	14	12	32
23.0849	45.1519	2023	3	20	1.7	18	14	13	39
23.0887	45.131	2023	3	20	1.9	18.2	14	17	50
23.0829	45.1591	2023	3	20	2	17.2	14	20	24
23.1071	45.1505	2023	3	20	0.7	19.1	14	34	34
23.1271	45.1499	2023	3	20	1	18	14	39	28
23.1464	45.1645	2023	3	20	0.9	17.8	14	40	36
23.0689	45.1459	2023	3	20	1.7	16.7	14	43	4
23.1120	45.145	2023	3	20	0.6	17.2	14	49	5
23.0778	45.1252	2023	3	20	1.2	17.8	14	52	18
23.0985	45.1317	2023	3	20	1.4	19	14	53	8
23.1069	45.1467	2023	3	20	1.9	17.9	14	57	11
23.0932	45.1562	2023	3	20	1.8	18.7	14	57	52
23.1266	45.1437	2023	3	20	1.2	19.6	15	3	15
23.0489	45.1434	2023	3	20	2.6	12.3	15	17	32
23.1196	45.1455	2023	3	20	1.3	17.9	15	30	19
23.1425	45.0404	2023	3	20	1.3	21.9	15	36	49
23.0978	45.1647	2023	3	20	1.6	16.8	15	47	30
23.0758	45.1398	2023	3	20	1.6	17.3	15	54	4
23.1152	45.1439	2023	3	20	0.6	19.7	15	59	49
23.0771	45.1507	2023	3	20	1.8	15.8	16	3	8
23.0835	45.1534	2023	3	20	1.7	15.8	16	4	30
23.1112	45.1362	2023	3	20	1.3	19.9	16	8	10
23.0990	45.139	2023	3	20	1.2	19.3	16	9	14
23.1093	45.1379	2023	3	20	1.1	19.3	16	11	34
23.0969	45.1396	2023	3	20	0.9	16.7	16	13	12
23.0717	45.1618	2023	3	20	1.1	14.6	16	14	46
23.0756	45.157	2023	3	20	1.5	15.2	16	17	3
23.1351	45.1552	2023	3	20	1	16.1	16	25	49
23.0857	45.1615	2023	3	20	1.4	15.7	16	37	38
23.1032	45.1392	2023	3	20	0.8	20.1	16	40	4
23.0788	45.1584	2023	3	20	1.3	16.2	16	42	31
23.0979	45.1911	2023	3	20	0.9	14.2	16	50	8
23.1091	45.1389	2023	3	20	0.4	18.1	16	59	10
23.0894	45.1394	2023	3	20	0.9	17.7	17	0	17
23.0861	45.1376	2023	3	20	0.9	17.2	17	3	54
23.1177	45.1442	2023	3	20	0.4	17.9	17	6	56
23.0920	45.1375	2023	3	20	0.7	17.3	17	8	17
23.1090	45.1349	2023	3	20	0.8	16.9	17	11	13
23.1007	45.158	2023	3	20	1.1	17.4	17	16	26
23.1051	45.1874	2023	3	20	0.6	15	17	26	13
23.1047	45.1528	2023	3	20	1.4	17.4	17	28	34
23.0936	45.1457	2023	3	20	0.9	18.7	17	30	32
23.1091	45.1505	2023	3	20	0.6	17.2	17	33	13
23.0641	45.1423	2023	3	20	1.7	16.3	17	34	33
23.0576	45.1508	2023	3	20	2.1	15.7	17	39	25
23.0707	45.1617	2023	3	20	1.4	13.6	17	46	38
23.1269	45.1488	2023	3	20	0.3	17.7	17	53	23
23.0821	45.1408	2023	3	20	0.8	17.3	17	55	36
23.0787	45.1234	2023	3	20	0.4	18.1	17	57	55
23.0644	45.1348	2023	3	20	1	15.6	18	3	36
23.0849	45.1403	2023	3	20	0.4	17.8	18	9	37
23.0838	45.1348	2023	3	20	0.6	16.9	18	24	56
23.1063	45.1338	2023	3	20	0.6	17.3	18	30	10
23.0646	45.144	2023	3	20	1.6	16.1	18	31	25
23.1808	45.1766	2023	3	20	0.5	18.6	18	33	10
23.0503	45.1481	2023	3	20	1.7	14.6	18	40	0
23.0749	45.1498	2023	3	20	1.3	18	18	43	53
23.0889	45.1287	2023	3	20	0.4	17.4	18	47	8
23.0945	45.1317	2023	3	20	1.1	18.5	18	59	58
23.0775	45.1315	2023	3	20	0.5	17.8	19	6	36
23.0779	45.1533	2023	3	20	1.2	17	19	7	48
23.0890	45.142	2023	3	20	0.5	18.8	19	11	48
23.0836	45.1384	2023	3	20	0.8	15.7	19	33	30
23.0853	45.1445	2023	3	20	1.2	16	19	39	21
23.0802	45.1267	2023	3	20	0.8	18	19	49	36
23.0811	45.1346	2023	3	20	0.9	17	20	10	35
23.1316	45.14	2023	3	20	0.1	20.4	20	19	44
23.1262	45.1338	2023	3	20	0.6	17.3	20	21	2
23.1070	45.1361	2023	3	20	0.5	16.8	20	28	36
23.0953	45.1445	2023	3	20	1.7	17.5	20	30	27
23.0593	45.1408	2023	3	20	1.8	14.7	20	39	9
23.0711	45.13	2023	3	20	1.1	17.3	20	50	51
23.0675	45.148	2023	3	20	1.3	15.4	20	51	40
23.0821	45.1314	2023	3	20	0.1	16.7	21	0	39
23.1538	45.1576	2023	3	20	0.1	18.8	21	15	3
23.0841	45.1458	2023	3	20	1.4	15.9	21	33	43
23.1028	45.1355	2023	3	20	0.8	15.7	21	56	0
23.0746	45.1326	2023	3	20	0.2	18.7	21	57	32
23.0723	45.1367	2023	3	20	1.5	14.5	22	17	26
23.0809	45.1327	2023	3	20	1.4	16.6	22	33	30
23.0802	45.129	2023	3	20	0.2	18.1	22	38	18
23.0802	45.1262	2023	3	20	0.6	17.1	22	42	38
23.1232	45.1597	2023	3	20	0.5	17.9	22	57	31
23.1054	45.1533	2023	3	20	1.5	17.6	23	18	38
23.0737	45.1429	2023	3	20	0.8	16.7	23	32	21
23.1809	45.1762	2023	3	20	2.5	17.8	23	34	8
23.0849	45.1418	2023	3	20	1.2	16.3	23	42	32
23.0856	45.1355	2023	3	21	0.4	17.2	0	12	30
23.0913	45.1448	2023	3	21	0.2	17.8	0	30	14
23.1134	45.1461	2023	3	21	0.9	17.7	0	39	16
23.0947	45.1416	2023	3	21	0.2	17.3	1	17	53
23.0965	45.1315	2023	3	21	0.3	17.3	1	52	18
23.0952	45.1445	2023	3	21	0.4	17	2	4	52
23.1451	45.1203	2023	3	21	0.8	15.5	2	8	13
23.0936	45.1598	2023	3	21	0.4	18.4	2	24	39
23.1201	45.1583	2023	3	21	0.5	16.9	3	4	11
23.0866	45.1439	2023	3	21	1.6	17.7	3	11	41
23.0858	45.1423	2023	3	21	1.8	15.8	3	41	16
23.1031	45.1553	2023	3	21	1.4	15.9	4	4	20
23.0754	45.1416	2023	3	21	1.1	15.5	5	0	44
23.0730	45.1332	2023	3	21	0.4	17.7	5	27	14
23.0933	45.1496	2023	3	21	0.9	17.4	5	32	18
23.1049	45.1392	2023	3	21	0.9	18.2	5	45	38
23.0548	45.1521	2023	3	21	1.4	12.7	6	28	37
23.0787	45.1429	2023	3	21	0.3	19.3	6	58	53
23.1116	45.1534	2023	3	21	0.6	18.6	7	7	42
23.0843	45.1382	2023	3	21	0.6	16.3	7	15	53
23.1176	45.1401	2023	3	21	0.9	20.6	7	19	0
23.0912	45.1491	2023	3	21	1.5	17.2	7	31	46
23.0923	45.1425	2023	3	21	0.6	18.4	7	36	43
23.0647	45.1434	2023	3	21	1.5	13.9	7	37	30
23.1506	45.1624	2023	3	21	2.7	16.3	8	17	42
23.0680	45.1423	2023	3	21	1.4	13.2	8	36	0
23.1210	45.1227	2023	3	21	0.4	20.6	10	20	6
23.1353	45.1469	2023	3	21	0.5	20.8	10	37	15
23.0988	45.1436	2023	3	21	2.1	14.8	12	14	41
23.1033	45.1198	2023	3	21	1.5	16.9	12	32	41
23.1107	45.156	2023	3	21	1.6	17.4	12	56	48
23.1106	45.1215	2023	3	21	1.2	19.2	13	25	20
23.0880	45.1245	2023	3	21	2.9	16.8	15	6	37
23.1254	45.1441	2023	3	21	1.3	17.3	15	32	12
23.1050	45.1205	2023	3	21	2.8	16	16	38	33
23.1421	45.1533	2023	3	21	0.4	17	17	34	36
23.0764	45.1234	2023	3	21	1.2	12.8	17	37	38
23.1046	45.1273	2023	3	21	1	18.1	17	40	42
23.1261	45.13	2023	3	21	1.5	17.6	17	44	7
23.1043	45.1468	2023	3	21	1.4	18	17	52	6
23.1014	45.1377	2023	3	21	1.3	17.5	18	22	7
23.1134	45.1326	2023	3	21	1.4	19.8	18	45	50
23.1060	45.1334	2023	3	21	1.2	18.1	19	3	53
23.0866	45.1433	2023	3	21	0.4	14.7	19	26	18
23.1943	45.1674	2023	3	21	0.2	17.9	19	35	48
23.1209	45.1473	2023	3	21	0.4	17.6	19	36	24
23.0929	45.1623	2023	3	21	1.3	17.5	19	40	22
23.1216	45.1328	2023	3	21	0.7	20.1	19	52	46
23.1110	45.1475	2023	3	21	0.4	17.6	20	19	26
23.1813	45.1782	2023	3	21	0.5	16.8	20	23	6
23.0801	45.127	2023	3	21	0.1	17.3	21	1	42
23.0880	45.13	2023	3	21	0.4	17.2	21	5	40
23.0970	45.1482	2023	3	21	0.2	17.1	21	18	41
23.0808	45.1287	2023	3	21	0.3	17.2	21	21	53
23.0646	45.162	2023	3	21	1.7	12.8	21	34	39
23.1781	45.1444	2023	3	21	0.8	14.2	21	37	3
23.0931	45.1342	2023	3	21	0.6	17.8	21	44	35
23.0771	45.1154	2023	3	21	0.2	16.5	21	52	29
23.1554	45.1736	2023	3	21	0.4	13.5	21	53	44
23.0800	45.1365	2023	3	21	0.4	17.5	22	21	28
23.0580	45.1439	2023	3	21	2.1	15.5	23	8	34
23.1312	45.1651	2023	3	22	0.5	18.5	0	4	52
23.1144	45.1507	2023	3	22	0.3	16.1	0	38	54
23.1226	45.1582	2023	3	22	0.4	16.8	0	50	4
23.1024	45.1523	2023	3	22	0.3	13	2	40	47
23.0757	45.1306	2023	3	22	0.7	16.8	2	57	0
23.0746	45.1292	2023	3	22	0.5	15.5	2	58	20
23.0752	45.132	2023	3	22	0.2	16.8	3	26	14
23.1300	45.1656	2023	3	22	1	15.9	4	25	21
23.1439	45.1685	2023	3	22	1	17.5	4	30	27
23.1075	45.1687	2023	3	22	1.3	14.5	4	59	36
23.0656	45.1434	2023	3	22	0.6	14.9	5	12	55
23.0841	45.1377	2023	3	22	0.8	15	7	34	45
23.1293	45.1471	2023	3	22	1.2	18	9	22	10
23.1003	45.1441	2023	3	22	0.4	14.5	10	27	27
23.0672	45.1521	2023	3	22	1.8	13.8	10	36	28
23.0795	45.1247	2023	3	22	1.4	15.8	11	46	13
23.0917	45.1479	2023	3	22	1.8	17.2	13	44	57
23.0943	45.1428	2023	3	22	0.8	17.3	13	46	3
23.0878	45.1335	2023	3	22	1.3	12.8	13	53	51
23.0955	45.1421	2023	3	22	0.4	17	14	13	54
23.1032	45.1323	2023	3	22	1.6	17.1	14	49	46
23.0997	45.1415	2023	3	22	0.7	16.8	15	38	50
23.1636	45.2149	2023	3	22	0.7	13.3	15	49	27
23.0854	45.1387	2023	3	22	0.8	15.7	17	1	24
23.1164	45.1369	2023	3	22	0.9	18.1	17	6	8
23.1480	45.15	2023	3	22	1.1	17.8	17	29	9
23.1236	45.1561	2023	3	22	1.2	19.7	17	36	16
23.1178	45.1448	2023	3	22	1.4	18.2	18	11	42
23.0795	45.1274	2023	3	22	0.7	16.4	18	40	31
23.1285	45.1483	2023	3	22	0.4	19.2	18	58	22
23.1369	45.1605	2023	3	22	0.2	18.5	19	48	18
23.1135	45.1321	2023	3	22	0.5	17.6	20	26	41
23.0995	45.1364	2023	3	22	1.2	18.8	20	36	9
23.1152	45.1472	2023	3	22	1.1	17.6	20	39	21
23.1247	45.1539	2023	3	22	0.4	17.8	21	19	5
23.0926	45.1489	2023	3	22	1.7	14.4	21	38	23
23.0756	45.138	2023	3	22	0.2	16.6	22	52	46
23.0659	45.149	2023	3	23	2.4	14	0	8	5
23.0994	45.141	2023	3	23	0.6	16.2	0	35	47
23.1183	45.1389	2023	3	23	0.1	15.7	0	59	11
23.0760	45.1447	2023	3	23	1.3	16.3	1	23	34
23.1007	45.1631	2023	3	23	1.4	17.1	2	54	4
23.1109	45.1551	2023	3	23	1.1	16.2	3	20	9
23.1077	45.172	2023	3	23	2	13.7	3	24	12
23.0821	45.1356	2023	3	23	1.5	17.5	5	24	22
23.1073	45.1565	2023	3	23	0.8	14.1	5	26	59
23.1677	45.1723	2023	3	23	1.5	15.9	12	46	34
23.1688	45.1565	2023	3	23	0.7	18.4	17	1	26
23.1269	45.1414	2023	3	23	0.8	18	17	16	3
23.1386	45.171	2023	3	23	0.7	16.9	17	20	13
23.1089	45.1444	2023	3	23	0.8	20.5	17	33	0
23.1604	45.191	2023	3	23	0.7	22.4	18	33	13
23.1331	45.1835	2023	3	23	1.4	16.2	19	37	38
23.1622	45.2005	2023	3	23	0.9	18.1	19	40	43
23.0897	45.1346	2023	3	23	1.1	20.1	20	4	50
23.2504	45.1281	2023	3	23	0.6	13.1	20	13	25
23.1193	45.1709	2023	3	23	1	15.4	20	30	44
23.0602	45.1719	2023	3	23	2.4	11.4	23	1	37
23.1057	45.1761	2023	3	23	2	14	23	57	25
23.1939	45.1905	2023	3	24	1.4	16.2	0	14	21
23.1102	45.156	2023	3	24	1.5	18.5	0	22	19
23.0749	45.1675	2023	3	24	1.4	11.3	0	52	43
23.1864	45.1521	2023	3	24	0.4	17.3	2	10	53
23.0901	45.1642	2023	3	24	2.3	10.1	3	41	43
23.0694	45.1613	2023	3	24	0.9	16.8	4	2	23
