0.000000000000 5.7
0.003319444433 3.7
0.004222222211 2.9
0.004770833322 1.9
0.005819444444 3.0
0.006486111111 3.6
0.008111111111 2.7
0.009041666667 3.4
0.010048611100 1.9
0.010729166667 2.1
0.011777777766 2.2
0.012249999988 1.9
0.012645833322 1.9
0.013069444433 2.0
0.013444444433 2.1
0.014659722211 1.7
0.015270833322 2.1
0.015493055544 2.1
0.015777777778 2.1
0.016395833322 2.5
0.017666666667 1.9
0.018124999988 1.6
0.018590277778 1.5
0.018729166667 1.7
0.019069444433 1.9
0.019895833333 1.7
0.020854166655 1.7
0.021868055544 2.1
0.022048611100 1.9
0.024270833333 1.8
0.024722222211 2.0
0.025993055544 2.1
0.027402777766 1.6
0.027826388877 1.9
0.028041666667 2.5
0.030125000000 2.8
0.030493055556 2.8
0.030979166655 2.0
0.031493055556 2.3
0.032347222222 2.2
0.032701388877 2.3
0.033756944444 1.6
0.034048611111 1.4
0.034569444444 1.9
0.035305555544 1.4
0.035520833322 1.5
0.036062500000 1.8
0.036729166655 2.1
0.037402777778 2.1
0.038569444444 1.9
0.038881944433 1.9
0.039694444433 1.7
0.040826388889 1.9
0.041333333333 1.6
0.041840277778 1.8
0.042208333322 2.0
0.042895833333 1.7
0.043298611100 1.7
0.044534722222 1.9
0.045194444433 1.8
0.045472222222 1.7
0.047604166667 2.7
0.047937499988 2.8
0.048986111111 1.9
0.049916666667 1.7
0.050236111111 1.7
0.050722222222 1.6
0.051263888889 2.1
0.052395833333 1.3
0.052916666667 2.3
0.053736111111 2.0
0.054118055544 2.9
0.055131944433 2.1
0.055708333333 1.7
0.056236111111 1.7
0.057958333322 1.8
0.058569444444 1.7
0.059131944444 2.0
0.060416666655 1.4
0.060840277766 1.5
0.061152777766 1.9
0.061388888889 2.2
0.062201388877 1.6
0.063333333333 2.2
0.063868055556 1.8
0.064458333322 1.8
0.066708333322 1.6
0.066979166667 1.7
0.067583333322 1.8
0.067895833333 1.9
0.069430555556 1.7
0.070583333322 1.3
0.071034722211 1.7
0.071805555556 1.9
0.072104166667 1.7
0.072458333322 2.1
0.074375000000 1.5
0.074618055556 1.7
0.074777777766 2.2
0.075604166667 1.9
0.076013888889 1.2
0.076500000000 1.8
0.076715277766 1.3
0.077395833333 2.0
0.078861111100 1.8
0.079173611111 1.9
0.080555555544 2.8
0.082069444444 1.6
0.083430555556 1.6
0.083923611100 1.6
0.086666666667 1.7
0.088124999988 1.4
0.088624999988 4.2
0.090840277766 1.7
0.092236111111 1.9
0.092715277766 1.7
0.093465277778 1.8
0.095236111100 2.2
0.096548611100 1.8
0.099284722222 1.7
0.104652777778 3.9
0.105854166655 2.1
0.106854166667 1.7
0.107708333322 1.4
0.107958333322 1.4
0.109124999988 1.5
0.109409722222 1.8
0.112381944444 1.6
0.113243055544 2.2
0.114430555544 1.9
0.114631944433 1.9
0.116236111111 2.1
0.116888888889 2.4
0.117125000000 3.0
0.119625000000 1.5
0.120020833322 1.3
0.120951388877 1.6
0.121729166667 1.5
0.122243055556 2.1
0.122861111100 2.0
0.123277777778 1.6
0.124152777778 1.9
0.124861111111 1.6
0.125715277766 1.6
0.128375000000 1.4
0.129465277778 2.4
0.132020833333 1.6
0.132152777778 1.9
0.134826388877 1.4
0.134972222222 1.9
0.138013888877 1.5
0.138750000000 1.9
0.141027777778 1.8
0.141347222211 1.8
0.141944444444 1.9
0.146256944433 1.6
0.149444444444 2.0
0.153111111111 1.8
0.157395833333 1.7
0.158687499988 1.6
0.158923611100 1.9
0.160131944433 2.0
0.161125000000 1.9
0.163173611100 1.3
0.163902777778 1.5
0.167395833333 2.2
0.169069444433 1.4
0.172097222222 2.4
0.173111111100 1.9
0.174256944444 1.6
0.175729166667 2.0
0.177312500000 1.6
0.178986111100 2.3
0.186375000000 1.3
0.186951388877 1.2
0.189722222222 2.0
0.191152777778 1.8
0.191326388889 1.9
0.191895833333 1.7
0.192604166655 1.6
0.194291666655 1.2
0.195062499988 1.4
0.195645833333 1.5
0.196118055556 3.4
0.197347222222 1.9
0.197569444444 1.9
0.198444444433 2.3
0.199597222222 2.3
0.200833333333 1.8
0.203437500000 2.6
0.205159722222 1.6
0.206208333333 1.7
0.207861111111 1.9
0.208395833333 1.9
0.208902777778 1.5
0.209388888889 1.9
0.210680555556 1.8
0.211388888877 1.8
0.211624999988 1.9
0.213972222211 1.7
0.214673611111 1.8
0.215180555556 1.4
0.217243055544 1.7
0.218701388889 1.7
0.219270833322 1.6
0.220069444444 1.6
0.221854166667 1.1
0.222937499988 1.4
0.223951388877 1.9
0.225409722222 1.6
0.225847222222 2.7
0.227569444444 2.0
0.228180555556 1.9
0.228409722222 1.4
0.229763888877 1.5
0.230152777766 1.6
0.233451388877 1.7
0.234118055556 1.4
0.234493055544 1.7
0.234993055544 1.6
0.237402777766 1.5
0.240812500000 1.4
0.241423611100 1.8
0.245722222222 1.9
0.246097222222 1.5
0.248374999988 2.5
0.251284722211 1.4
0.252048611111 1.4
0.252819444433 1.4
0.253687499988 2.0
0.255562499988 2.1
0.256222222211 1.9
0.256423611111 1.9
0.256972222222 2.0
0.257798611111 1.5
0.258270833333 1.8
0.259826388877 1.8
0.261645833333 1.2
0.262347222211 2.2
0.264513888889 1.5
0.264861111111 1.5
0.270277777778 2.2
0.271145833333 1.3
0.272680555556 1.4
0.273972222222 1.9
0.274604166655 1.4
0.275291666655 1.5
0.275902777778 1.2
0.276625000000 1.3
0.277701388877 1.3
0.279895833333 1.2
0.281847222211 1.2
0.284590277766 1.4
0.285138888877 1.6
0.286236111111 2.0
0.289506944433 1.7
0.289743055544 2.1
0.290423611111 2.0
0.291687499988 1.2
0.292999999988 1.3
0.293354166667 1.1
0.294180555544 1.4
0.295708333333 1.7
0.296291666667 1.1
0.299131944444 1.1
0.301430555544 1.3
0.302395833333 2.5
0.302611111111 3.6
0.306520833322 2.0
0.307277777778 1.6
0.307666666655 1.7
0.307993055556 3.1
0.308812500000 2.0
0.309645833322 1.4
0.309958333333 1.1
0.310736111100 1.5
0.311368055556 1.7
0.311763888889 1.8
0.313381944444 1.2
0.314229166655 1.3
0.315055555544 1.5
0.317472222222 1.1
0.317902777766 1.1
0.318354166655 1.4
0.319062500000 1.4
0.320722222222 1.2
0.321243055556 1.4
0.322034722222 1.7
0.323256944433 1.0
0.324680555556 1.5
0.324819444444 1.4
0.326673611111 1.4
0.327645833322 1.6
0.328562500000 1.6
0.329006944444 1.0
0.329479166667 1.1
0.331645833322 1.3
0.333645833333 1.2
0.334215277778 1.3
0.335104166667 2.0
0.335625000000 2.0
0.337062499988 1.3
0.338354166667 1.8
0.338916666667 1.6
0.339944444444 2.4
0.341597222211 1.1
0.342062500000 1.6
0.343069444444 1.0
0.343694444433 1.3
0.344243055544 1.6
0.345000000000 1.3
0.345791666667 1.5
0.346833333333 1.1
0.347972222222 1.1
0.348513888877 1.8
0.353249999988 1.1
0.354437499988 1.4
0.354847222222 1.4
0.356437500000 1.5
0.356722222211 1.7
0.357305555556 1.3
0.357562499988 2.9
0.359347222211 1.2
0.361201388889 1.9
0.361722222222 1.5
0.363284722222 1.4
0.367104166667 1.4
0.367569444433 1.4
0.367993055556 1.6
0.368972222211 1.0
0.369791666655 1.0
0.370430555544 1.3
0.372694444444 1.4
0.373048611111 2.1
0.373944444433 1.4
0.374111111100 1.6
0.374368055556 1.7
0.375756944444 1.6
0.376763888889 1.5
0.378812499988 1.1
0.380465277766 1.2
0.381243055544 2.6
0.385034722222 1.9
0.387347222211 2.5
0.388368055544 1.4
0.390166666667 2.2
0.392243055556 1.7
0.394555555556 1.1
0.395930555544 1.3
0.396881944444 1.3
0.399166666667 1.2
0.399736111111 1.4
0.400937499988 1.3
0.402111111100 1.2
0.404118055544 1.4
0.404270833333 1.6
0.404972222211 1.3
0.408645833333 1.6
0.412083333322 1.9
0.414722222222 1.5
0.415465277778 1.5
0.416902777778 2.1
0.418340277778 1.2
0.418819444433 1.5
0.421076388877 1.7
0.423152777778 1.6
0.424701388889 2.0
0.425118055544 2.0
0.426215277778 2.2
0.426798611111 1.6
0.429201388889 1.2
0.431569444433 1.2
0.431909722222 1.0
0.432743055556 2.4
0.435618055544 1.5
0.436590277778 1.4
0.437770833322 1.3
0.438034722222 1.5
0.439062499988 1.1
0.439645833333 1.2
0.439972222211 1.0
0.440756944444 1.1
0.442520833333 1.4
0.444604166667 1.6
0.445111111100 1.8
0.446611111111 1.2
0.446798611111 1.1
0.449388888889 1.4
0.450305555544 1.4
0.451041666667 1.7
0.451270833333 1.7
0.451486111100 1.5
0.452819444433 1.7
0.453145833333 2.7
0.455006944444 1.3
0.455347222222 1.0
0.456375000000 1.2
0.456749999988 1.5
0.457840277778 2.1
0.461354166655 1.8
0.464312500000 1.4
0.466048611111 1.0
0.466229166655 1.4
0.466854166667 1.4
0.467326388889 1.6
0.467715277766 3.2
0.469506944444 1.3
0.472104166667 1.2
0.473645833333 1.0
0.474916666667 1.5
0.475569444433 1.0
0.476256944433 1.0
0.477819444433 1.3
0.480284722211 1.2
0.481520833322 1.0
0.484340277778 1.0
0.485527777778 1.2
0.487423611100 1.4
0.488250000000 1.2
0.488437499988 1.3
0.489458333322 2.4
0.490854166667 1.4
0.492083333322 1.4
0.495472222211 1.1
0.498069444433 1.2
0.498986111111 1.4
0.501493055544 1.3
0.502666666667 1.1
0.503958333333 1.1
0.505645833333 1.0
0.506798611111 1.3
0.507500000000 1.0
0.508340277766 1.4
0.510819444444 1.3
0.511881944433 1.5
0.513909722211 1.2
0.515437500000 1.2
0.515770833322 1.5
0.515958333333 1.9
0.517013888877 1.8
0.518062500000 1.4
0.518895833322 1.2
0.523201388889 1.4
0.525166666655 1.8
0.526145833333 1.4
0.527236111111 2.1
0.529972222211 1.5
0.531513888889 1.4
0.532368055544 1.4
0.533048611100 3.0
0.536486111111 1.4
0.538722222222 1.4
0.538999999988 1.4
0.540451388877 2.0
0.542562500000 1.1
0.542965277766 1.0
0.543208333322 1.4
0.543534722211 2.1
0.545347222222 1.2
0.546708333322 1.2
0.547833333333 1.4
0.550611111111 1.9
0.552451388877 1.5
0.553826388889 1.4
0.555236111100 1.5
0.558180555544 1.3
0.558763888889 1.2
0.562222222211 1.1
0.562881944444 1.4
0.563305555556 1.3
0.564701388877 1.3
0.566229166667 1.3
0.566611111100 1.2
0.567000000000 1.2
0.568659722222 1.8
0.572597222211 1.3
0.573083333322 1.3
0.573284722211 1.9
0.575361111100 1.3
0.582611111111 1.6
0.583562499988 1.2
0.583902777778 1.3
0.584298611111 1.6
0.590701388889 1.4
0.591416666667 2.3
0.593493055556 1.0
0.597104166667 1.6
0.600520833322 1.5
0.600902777778 1.3
0.603423611100 1.2
0.605180555544 1.9
0.607451388889 1.1
0.609993055544 1.0
0.611020833333 1.8
0.611215277778 1.8
0.618277777778 1.7
0.621736111100 1.7
0.626798611111 1.5
0.631368055544 1.4
0.633256944444 1.2
0.634625000000 1.3
0.640583333333 1.9
0.644895833333 1.5
0.655798611100 1.7
0.660597222222 1.1
0.662277777778 1.4
0.669131944444 1.3
0.675090277778 1.8
0.677520833333 1.7
0.689548611111 1.4
0.700486111111 1.3
0.701465277778 1.4
0.702159722222 1.6
0.702708333322 2.2
0.703291666655 1.6
0.705631944444 1.8
0.707062499988 1.9
0.709965277766 1.4
0.712291666667 1.1
0.715340277778 2.3
0.720465277778 1.5
0.722340277766 1.5
0.723777777766 1.4
0.733437500000 1.7
0.758166666655 1.8
0.771249999988 1.8
0.776479166667 1.7
0.786638888889 1.6
0.795472222222 1.9
0.796173611100 1.6
0.800201388889 1.1
0.803138888889 1.3
0.803701388889 1.9
0.807826388889 1.1
0.809020833322 1.6
0.824604166655 1.3
0.832479166667 1.3
0.833958333322 1.6
0.837694444433 1.4
0.841444444444 1.8
0.843638888889 1.5
0.850215277766 1.8
0.854722222222 1.7
0.857805555544 1.4
0.861916666667 1.4
0.864708333322 1.5
0.892305555544 1.3
0.902631944433 1.8
0.911145833322 1.4
0.911805555544 1.6
0.917798611111 1.4
0.918979166655 1.8
0.926798611111 1.6
0.929444444444 1.7
0.942375000000 1.6
0.948055555544 1.7
0.952902777778 1.8
0.957430555556 2.0
0.960576388889 1.4
0.967243055544 1.2
0.971777777766 1.6
0.978666666655 2.1
0.984374999988 1.0
0.989555555556 1.4
0.989840277778 2.5
0.997041666655 1.5
1.002916666667 1.5
1.003534722222 1.5
1.016423611111 1.2
1.032652777778 2.0
1.033187500000 1.8
1.033486111100 1.4
1.034229166667 1.4
1.034819444433 1.6
1.042319444433 2.0
1.062465277778 1.2
1.062749999988 1.7
1.069472222211 1.2
1.078444444444 1.7
1.084333333322 1.1
1.091916666667 1.2
1.098909722211 1.3
1.110048611111 1.1
1.110145833322 1.2
1.110409722211 1.5
1.112326388877 1.0
1.122694444444 1.1
1.124756944433 1.2
1.126243055556 1.6
1.137513888889 1.4
1.142416666667 1.2
1.147819444433 2.0
1.149333333322 2.5
1.151388888877 1.0
1.158604166655 1.5
1.161611111100 1.5
1.162743055556 1.2
1.179625000000 1.3
1.187340277778 1.3
1.187972222211 1.3
1.188972222222 1.4
1.189972222211 1.9
1.194263888877 1.1
1.208104166655 1.2
1.211090277766 1.9
1.213402777778 1.2
1.217874999988 1.3
1.231729166667 1.3
1.234361111111 1.4
1.235354166667 1.3
1.235944444444 1.6
1.240083333322 3.4
1.241548611111 1.4
1.242687499988 1.5
1.243499999988 1.3
1.252243055556 1.6
1.254625000000 2.9
1.258263888877 1.7
1.270069444444 1.5
1.273006944444 1.3
1.281986111111 2.2
1.282458333322 2.0
1.286611111100 1.7
1.291791666667 1.8
1.294541666667 1.3
1.295854166655 1.3
1.297215277766 1.8
1.311847222211 1.3
1.319381944444 1.2
1.325097222211 1.1
1.328534722222 1.2
1.328930555544 1.2
1.330888888877 2.0
1.339819444444 1.4
1.341395833333 4.0
1.343430555556 3.2
1.346597222211 1.0
1.348062499988 2.0
1.351319444444 1.4
1.353756944444 1.9
1.362034722222 1.2
1.364124999988 1.5
1.366916666667 1.2
1.368812499988 1.4
1.369104166667 1.1
1.375986111100 1.3
1.380277777766 1.5
1.389881944433 1.1
1.394638888877 1.6
1.399444444444 1.5
1.400118055544 1.3
1.404375000000 1.1
1.412208333322 1.8
1.414062499988 1.4
1.414430555556 1.9
1.419034722222 2.3
1.425666666655 2.1
1.427638888889 1.5
1.430576388877 1.3
1.432388888877 1.8
1.435680555556 1.5
1.437590277778 1.5
1.440333333333 1.2
1.444333333333 1.2
1.452916666667 1.9
1.456951388889 2.6
1.463520833322 1.5
1.465270833322 1.0
1.465666666655 1.2
1.472972222222 1.4
1.477805555544 1.2
1.479055555556 1.6
1.486145833333 1.2
1.493215277766 4.3
1.501312500000 1.5
1.502354166667 1.1
1.506597222222 1.7
1.508256944444 1.0
1.513729166667 1.0
1.520937500000 1.2
1.523854166655 1.2
1.529020833322 1.1
1.541000000000 1.1
1.541520833333 1.2
1.550472222222 3.5
1.575576388889 1.4
1.581256944444 1.1
1.582513888877 1.6
1.584277777778 1.0
1.595166666655 1.2
1.596243055556 1.8
1.598965277778 1.4
1.600104166667 1.1
1.605506944433 1.3
1.608972222211 1.2
1.614472222211 1.2
1.615131944444 1.4
1.626048611100 1.1
1.627534722211 1.2
1.632833333322 1.2
1.636340277778 1.5
1.637298611100 1.5
1.638319444433 1.2
1.641833333322 1.0
1.643104166655 1.2
1.643909722222 1.2
1.648909722211 1.3
1.651104166667 1.4
1.655090277778 1.6
1.662618055544 1.4
1.668298611100 1.7
1.669868055556 1.0
1.691048611100 1.6
1.693729166667 2.1
1.698687499988 1.2
1.711493055556 2.7
1.714222222222 1.3
1.714729166655 1.5
1.717687499988 1.4
1.739138888877 1.6
1.746291666655 1.3
1.748847222222 1.5
1.750479166655 1.9
1.762777777778 1.5
1.767000000000 1.8
1.768270833322 1.4
1.772437499988 1.3
1.786805555544 1.6
1.788187499988 1.9
1.791083333333 1.2
1.798250000000 1.4
1.816451388889 1.1
1.818097222211 1.3
1.818381944444 1.4
1.819416666655 1.5
1.842402777766 1.8
1.844222222211 1.3
1.855256944433 1.7
1.869506944444 1.9
1.882236111100 2.2
1.883034722222 1.5
1.905076388877 2.3
1.919756944444 1.4
1.922465277766 1.4
1.950958333333 1.1
1.973104166667 2.5
1.986798611100 1.7
1.990555555556 1.1
2.010638888877 1.8
2.018826388877 1.6
2.025833333333 2.6
2.036916666655 1.4
2.044437499988 1.1
2.054798611111 1.1
2.063972222222 1.7
2.070083333322 1.0
2.088576388889 1.0
2.091680555556 1.0
2.118986111111 1.3
2.126645833322 1.1
2.130034722222 2.2
2.149722222211 1.3
2.158250000000 1.8
2.174361111100 1.4
2.192708333322 1.8
2.197937499988 1.3
2.198576388877 1.6
2.199173611111 1.7
2.199722222211 1.8
2.207902777778 1.6
2.213402777778 1.7
2.218687500000 1.1
2.220263888877 1.3
2.232062499988 1.3
2.241548611111 1.2
2.247770833333 1.6
2.256958333333 1.0
2.261111111100 1.2
2.276194444444 2.8
2.283173611100 1.2
2.284861111111 2.0
2.293152777778 1.3
2.298986111111 1.6
2.319201388889 3.0
2.324861111100 1.2
2.328479166667 1.4
2.332472222222 1.3
2.348520833333 1.3
2.349298611100 1.5
2.355861111111 1.7
2.359812500000 2.4
2.376326388889 2.9
2.383868055556 1.5
2.400486111111 1.1
2.407381944444 1.5
2.415694444444 1.4
2.423888888877 1.2
2.431381944444 1.1
2.434687500000 1.1
2.451506944444 1.7
2.458222222222 1.0
2.459041666667 1.0
2.465743055544 1.2
2.475520833322 1.2
2.476972222222 1.2
2.478645833322 1.1
2.499847222211 1.4
2.505347222222 1.2
2.506701388877 1.0
2.509409722222 1.5
2.524451388877 1.2
2.529840277778 1.3
2.538645833322 1.1
2.545784722222 1.5
2.593069444444 1.2
2.593243055556 1.6
2.606722222211 1.1
2.608618055556 1.2
2.621881944444 1.8
2.646159722222 1.2
2.647201388889 1.0
2.660548611111 2.3
2.677444444444 1.6
2.687374999988 1.3
2.733770833333 2.0
2.755583333333 1.3
2.756923611100 1.7
2.761576388877 1.2
2.763541666655 1.3
2.770159722211 1.1
2.776791666667 1.0
2.782083333322 1.1
2.800715277766 1.4
2.808090277778 1.2
2.819722222222 1.6
2.829736111100 4.3
2.832111111100 1.4
2.833604166667 1.5
2.834416666655 1.2
2.836493055556 1.0
2.840069444444 1.6
2.844034722222 1.0
2.844944444444 1.4
2.848006944444 1.1
2.851819444444 1.2
2.852187500000 1.2
2.860916666667 1.7
2.867479166667 1.5
2.887562500000 1.0
2.888395833322 1.1
2.898090277766 1.4
2.905583333333 1.5
2.906854166667 1.1
2.920819444444 1.5
2.925951388877 1.4
2.945750000000 1.4
2.966187499988 1.1
2.966763888889 1.4
2.976819444444 3.1
3.003895833333 1.2
3.013770833333 1.6
3.042506944433 1.2
3.045979166655 2.1
3.051986111111 1.5
3.067847222222 1.1
3.084847222222 1.4
3.087993055544 1.1
3.120805555556 2.1
3.130263888877 1.9
3.142104166667 1.1
3.149305555544 1.3
3.149805555556 1.0
3.150562499988 1.4
3.170548611111 1.6
3.222555555556 1.4
3.239541666667 2.3
3.242326388889 1.4
3.243763888877 1.4
3.254430555556 1.0
3.261152777766 1.4
3.266173611100 1.1
3.299916666667 1.3
3.311597222222 1.9
3.334430555544 1.2
3.338791666667 1.1
3.436541666667 2.4
3.474680555544 2.4
3.504222222211 1.9
3.510395833322 2.2
3.545743055544 1.9
3.550270833333 1.1
3.552840277778 1.8
3.554111111100 2.9
3.573937499988 2.4
3.598784722211 1.4
3.643923611100 2.1
3.691506944444 1.1
3.719284722222 1.6
3.732388888877 1.7
3.738055555556 2.9
3.761201388889 1.4
3.761597222222 1.6
3.773805555544 2.7
3.801361111100 2.7
3.806770833322 1.8
3.828923611100 1.5
3.836743055556 1.5
3.848194444444 1.5
3.859243055544 2.0
3.885798611111 1.8
3.890152777766 1.3
3.909597222222 1.5
3.922812499988 1.8
3.933520833333 1.3
3.941909722211 1.8
3.984159722222 1.4
3.987361111111 1.2
3.991756944444 1.4
4.034826388877 2.4
4.068097222211 1.5
4.116465277778 3.7
4.116937499988 3.6
4.120479166655 1.8
4.130840277778 1.4
4.134680555544 1.4
4.135916666667 1.0
4.149472222211 1.6
4.192062499988 1.2
4.196750000000 1.7
4.222923611111 1.4
4.225805555556 1.4
4.243916666655 2.4
4.250743055556 2.9
4.257847222222 1.5
4.283208333333 2.0
4.307909722211 2.2
4.316138888877 1.2
4.317763888889 1.1
4.331243055544 1.3
4.341243055556 1.9
4.348555555544 1.4
4.365187500000 1.6
4.396611111111 2.2
4.440854166667 1.8
4.455520833333 1.5
4.520645833333 1.6
4.533013888889 1.3
4.551187499988 1.6
4.579750000000 1.2
4.613173611111 2.3
4.650791666655 2.3
4.667986111100 2.2
4.674222222222 1.9
4.695333333322 2.9
4.704784722211 2.6
4.709506944433 1.1
4.728201388877 1.6
4.732840277766 1.5
4.761833333322 1.3
4.786291666667 2.2
4.818874999988 1.9
4.824729166667 1.1
4.826708333333 1.1
4.833736111100 1.5
4.873090277766 1.1
4.874513888889 1.5
4.905368055556 2.2
4.942743055556 3.4
4.944729166667 3.1
4.948368055556 1.3
4.979715277766 1.9
5.012034722222 1.3
5.033625000000 1.3
5.078118055544 1.4
5.103902777778 1.6
5.113840277778 1.1
5.165562499988 1.2
5.166715277778 1.6
5.228875000000 1.5
5.230145833333 1.1
5.277986111111 1.6
5.293423611100 1.7
5.295229166667 2.5
5.318347222211 1.3
5.337722222222 2.0
5.496666666667 1.5
5.629743055544 1.6
5.687145833322 2.0
5.701152777778 1.8
5.807340277766 1.3
5.867118055544 1.3
5.921562500000 3.1
5.925513888877 1.1
5.970215277766 2.2
5.982520833333 1.1
6.030972222211 2.2
6.065868055544 1.0
6.089458333333 1.0
6.091597222211 1.3
6.108298611111 1.7
6.133611111100 1.5
6.180368055556 2.2
6.205875000000 1.9
6.222673611111 1.3
6.229013888877 1.5
6.246923611100 1.4
6.294631944444 1.2
6.295416666655 1.2
6.302597222211 1.2
6.346083333322 1.7
6.349444444444 1.5
6.370062499988 1.1
6.388125000000 1.5
6.389375000000 1.1
6.400284722222 1.0
6.545131944433 1.4
6.578020833333 1.2
6.585069444444 2.2
6.601451388889 1.0
6.604541666655 2.6
6.644833333322 1.5
6.738347222211 1.7
6.839006944433 1.5
6.860166666655 1.8
6.982027777778 1.5
7.052479166655 1.5
7.071048611100 1.2
7.088361111100 1.1
7.153083333333 1.1
7.224006944433 1.0
7.254013888877 1.2
7.255548611100 1.2
7.383881944444 1.4
7.449222222222 1.6
7.464256944433 2.0
7.481284722222 1.3
7.495569444444 1.7
7.577847222222 1.3
7.614652777766 1.8
7.714666666655 4.0
7.838548611100 2.4
7.847888888877 1.6
7.851340277766 1.8
7.857479166667 1.0
7.946673611100 1.2
7.961604166655 1.1
8.000326388877 1.3
8.007729166667 1.1
8.029541666655 1.7
8.072812499988 1.1
8.110875000000 1.0
8.120090277778 1.2
8.149333333322 2.0
8.156513888889 1.1
8.232118055544 1.3
8.278569444433 1.6
8.325979166667 1.6
8.326673611111 1.7
8.328847222222 1.2
8.333305555544 1.3
8.406805555544 1.8
8.459694444433 4.0
8.468826388889 2.0
8.503361111111 1.0
8.524576388877 1.1
8.531298611100 1.4
8.543659722211 1.4
8.570423611111 1.1
8.584437500000 1.5
8.591395833333 1.5
8.606881944444 1.9
8.628868055556 2.0
8.649861111111 1.3
8.660319444444 1.2
8.774013888889 1.8
8.838305555556 1.8
8.840576388889 1.2
8.844277777778 1.3
8.900750000000 1.0
8.932909722211 2.1
8.935395833333 1.7
9.081798611111 1.3
9.098006944444 1.3
9.128548611111 1.2
9.168743055544 1.1
9.223423611111 2.4
9.243951388889 1.0
9.417958333333 1.6
9.438506944444 1.5
9.510902777778 1.5
9.669118055544 1.8
9.669784722211 1.1
9.681013888889 1.1
9.782069444433 1.0
9.800784722222 1.1
9.889402777766 1.6
9.891451388889 1.3
9.913423611100 1.3
9.913819444433 1.3
9.939687500000 1.6
9.972784722211 1.4
9.976652777778 1.9
10.006430555544 1.3
10.021833333333 1.6
10.044868055556 1.0
10.054562499988 1.3
10.090090277778 2.1
10.104048611111 1.6
10.112743055544 1.2
10.123256944433 1.3
10.125840277766 2.0
10.156145833322 1.3
10.179097222222 1.5
10.193291666667 2.4
10.230145833333 1.5
10.288097222222 1.0
10.355881944444 1.1
10.386444444444 2.2
10.403263888889 1.3
10.439812500000 1.8
10.451472222222 1.6
10.453680555544 1.4
10.466173611111 1.6
10.468680555544 1.0
10.497819444444 1.3
10.503013888889 1.5
10.561868055556 1.1
10.587020833322 1.6
10.648465277766 1.1
10.667423611111 1.9
10.697777777766 1.0
10.731687500000 1.5
10.785833333333 1.4
10.823784722222 1.3
10.931645833322 1.5
10.981770833322 1.6
10.989041666667 1.5
11.066097222211 1.5
11.078062499988 1.1
11.094097222211 1.1
11.147687499988 1.1
11.164826388889 1.0
11.171395833322 1.4
11.217270833322 2.2
11.231784722222 1.9
11.308506944433 1.2
11.365243055544 1.0
11.407888888889 1.4
11.484819444433 1.6
11.502826388889 1.7
11.504708333322 1.2
11.522833333333 1.5
11.598833333322 2.2
11.600159722222 1.5
11.601458333322 1.7
11.649097222222 1.1
11.684138888889 1.2
11.689388888889 1.1
11.841694444444 1.3
11.861250000000 1.0
11.920555555544 1.2
12.098548611111 1.4
12.128013888889 1.2
12.214430555544 1.5
12.224437500000 1.9
12.298597222222 1.6
12.311854166655 1.2
12.396006944433 1.3
12.446902777766 2.5
12.458520833333 2.0
12.472493055544 1.4
12.489902777778 1.1
12.578923611100 1.1
12.636722222222 1.4
12.638055555556 1.6
12.644847222222 1.0
12.715388888889 2.7
12.720423611111 1.2
12.802548611100 1.5
12.820736111100 2.1
12.897444444433 1.1
12.915736111100 1.8
12.935375000000 1.7
12.935819444444 1.5
12.994201388877 1.9
13.017444444444 1.2
13.100569444433 1.4
13.159187499988 1.4
13.263638888877 1.1
13.298201388889 1.6
13.303020833322 1.4
13.335812500000 1.1
13.341812499988 1.4
13.610069444433 3.3
13.611277777766 1.0
13.644395833322 1.3
13.717854166655 1.6
13.785319444444 2.7
13.820895833333 1.4
14.082881944433 1.2
14.158548611100 1.1
14.158694444433 1.6
14.179347222222 1.3
14.181770833322 1.4
14.340402777778 1.1
14.429923611111 1.0
14.480409722211 1.4
14.496402777766 1.5
14.604375000000 1.2
14.635215277766 1.3
14.668506944433 1.2
14.761888888889 1.1
14.789187500000 1.8
14.799965277778 1.0
14.970902777766 1.6
15.054291666655 1.4
15.079756944444 1.3
15.142062499988 1.8
15.168812500000 1.2
15.628201388889 1.6
15.860055555556 2.2
16.013375000000 1.0
16.152159722211 1.1
16.264194444444 1.2
16.450090277778 1.9
16.609909722222 1.5
16.714812499988 1.0
16.778194444433 1.1
16.798375000000 1.6
16.833874999988 1.1
16.835590277778 1.8
16.864249999988 1.2
16.963180555556 1.3
16.982729166667 1.4
17.078097222222 1.0
17.088777777778 1.2
17.147055555556 1.9
17.187527777766 1.4
17.244055555556 2.2
17.274201388877 2.1
17.374006944433 1.2
17.505874999988 2.3
17.520784722211 1.3
17.526708333322 1.4
17.547937499988 1.2
17.575270833322 1.0
17.691013888877 1.1
17.795006944433 1.4
17.801152777778 1.0
17.847187500000 1.7
17.897895833333 1.2
17.905194444444 1.9
18.135430555556 1.3
18.192076388889 1.7
18.216645833322 1.8
18.216708333322 1.9
18.364097222211 1.2
18.401770833333 3.8
18.406222222222 1.0
18.510256944444 1.5
18.518631944444 2.7
18.533687499988 1.2
18.545541666655 1.0
18.551444444433 1.3
18.606687500000 1.2
18.860444444433 1.1
18.877423611100 1.5
18.941173611100 1.6
19.075055555556 2.8
19.096451388877 1.2
19.100249999988 1.1
19.125555555556 1.7
19.141097222211 1.4
19.303437500000 1.2
19.321756944444 1.3
19.336763888877 2.4
19.893722222211 1.6
19.894062500000 1.4
19.967541666655 1.3
19.979493055556 1.6
20.096194444444 1.3
20.161833333333 1.1
20.204909722211 1.4
20.226361111100 1.1
20.262965277766 1.9
20.326923611100 1.2
20.364506944444 1.0
20.583291666655 1.9
20.642659722211 2.1
20.725486111111 2.1
20.759805555544 1.8
20.816750000000 2.5
20.834159722211 1.5
20.993020833333 2.2
21.107916666667 1.2
21.186076388889 1.5
21.617437500000 1.0
21.618062499988 1.1
21.852506944433 1.1
21.973263888877 1.9
21.978986111100 1.4
21.992909722222 1.2
21.997652777778 1.8
22.003159722222 1.5
22.008701388877 1.0
22.013854166667 1.1
22.018881944444 1.1
22.040493055544 1.2
22.067000000000 1.9
22.116444444433 2.0
22.119555555544 1.4
22.241312500000 1.2
22.270666666667 1.0
22.291472222211 1.2
22.396215277778 1.3
22.414812499988 1.2
22.645319444444 1.0
22.699638888877 1.1
22.743513888889 1.8
22.811423611111 1.4
23.045972222222 1.0
23.049090277766 2.0
23.049576388889 2.6
23.164229166655 1.8
23.168791666655 1.0
23.228124999988 2.0
23.300180555544 1.9
23.333687499988 1.2
23.346687500000 1.7
23.532388888877 1.7
23.596486111111 1.3
23.604576388889 1.0
23.880236111111 1.3
23.967513888877 1.9
24.102472222211 1.5
24.182590277766 2.8
24.228652777778 1.2
24.238965277766 1.3
24.824118055556 1.1
24.877986111111 1.2
25.006187500000 2.5
25.008395833333 2.5
25.041826388889 3.5
25.060986111100 1.2
25.125361111111 1.1
25.183354166655 1.6
25.191027777778 2.6
25.217395833333 1.8
25.264715277778 1.0
25.266819444444 1.1
25.288930555544 2.2
25.293972222222 1.4
25.678972222222 1.7
25.683041666667 1.3
25.785430555544 1.2
25.894833333322 1.5
25.957138888889 3.6
26.246756944433 2.5
26.646958333333 1.4
26.786430555556 2.4
26.793097222211 1.1
26.858006944433 1.0
27.029340277766 1.4
27.284298611100 1.1
27.539701388877 1.6
27.725020833322 1.1
27.942097222222 2.6
27.980902777766 1.8
28.009020833322 2.2
28.191395833322 1.8
28.220590277778 3.2
28.240722222211 1.1
29.178201388877 3.4
29.202777777766 1.8
29.266993055556 1.9
29.371479166667 1.7
29.477826388877 2.0
29.675680555556 1.0
29.706888888877 1.1
29.715916666655 2.3
29.795131944433 1.5
29.841326388877 1.6
29.873972222222 1.5
30.163423611100 1.1
30.377743055556 1.3
30.915381944433 1.1
31.042097222211 3.7
31.068729166667 1.1
31.141979166667 1.3
31.147027777778 1.9
31.155201388877 2.0
31.155951388877 1.7
31.256375000000 1.2
31.257486111100 1.1
31.309569444433 1.1
31.397284722222 1.7
31.420645833333 1.4
31.445999999988 1.4
31.458291666655 1.4
31.462555555544 1.4
31.489541666667 1.8
31.509944444444 1.0
31.511006944433 2.2
31.518979166667 1.6
31.591444444444 1.2
31.627881944433 1.4
31.800944444444 1.3
31.885888888877 1.2
31.923590277766 1.2
32.130131944444 2.1
32.343791666655 1.5
32.394562499988 1.1
32.505930555556 1.4
32.678006944444 1.1
32.731027777766 1.6
32.734770833322 1.6
33.073388888877 1.5
33.249638888889 1.8
33.334076388889 1.6
33.409013888877 1.6
33.630416666667 1.0
33.658555555556 1.6
33.660312499988 1.7
33.693527777766 1.7
33.815152777766 1.2
33.919090277766 1.2
33.925201388889 1.8
33.971069444444 1.6
33.987111111111 1.2
34.015437500000 1.6
34.031534722211 5.0
34.032736111100 1.7
34.033145833322 1.8
34.037451388889 1.4
34.037805555556 1.6
34.038659722211 1.3
34.039437500000 1.7
34.042340277766 1.9
34.044125000000 2.0
34.057368055544 1.0
34.059868055544 1.7
34.066277777778 1.1
34.066854166667 1.4
34.069666666655 1.9
34.070145833333 1.8
34.073881944433 1.2
34.083791666667 2.6
34.092673611111 1.3
34.097187500000 1.3
34.104611111100 1.6
34.109173611100 1.6
34.115472222211 1.8
34.116409722222 1.7
34.118965277766 1.3
34.119701388889 1.2
34.121326388889 1.1
34.123548611100 1.1
34.125131944433 1.5
34.130944444433 1.2
34.131097222211 1.2
34.139430555544 1.4
34.142819444444 1.2
34.166368055556 1.1
34.174798611100 1.4
34.178944444433 1.7
34.182333333322 2.2
34.187340277778 1.4
34.199124999988 1.0
34.218437500000 1.6
34.224402777766 1.7
34.227104166655 1.3
34.238270833322 1.1
34.243715277778 1.2
34.265618055544 1.2
34.301104166667 1.7
34.307138888877 1.8
34.315270833322 1.1
34.315840277766 1.3
34.345034722211 1.4
34.375395833333 1.5
34.386555555544 1.4
34.417895833333 1.5
34.428659722222 2.5
34.434499999988 1.1
34.579736111100 1.6
34.600284722222 1.8
34.616305555544 1.4
34.655458333322 1.1
34.716493055556 1.4
34.760347222211 1.5
34.764333333322 1.5
34.792243055544 2.6
34.804958333322 1.4
34.956826388877 2.1
34.969319444433 1.5
34.986062499988 1.6
35.005888888889 1.2
35.076215277778 2.9
35.093986111111 1.3
35.140055555544 2.8
35.181090277778 1.2
35.183222222222 1.0
35.185590277766 1.5
35.191131944444 1.4
35.211979166667 1.3
35.228458333333 1.4
35.240986111111 1.1
35.266326388889 1.3
35.345687499988 1.7
35.410902777778 2.2
36.452229166667 2.4
36.504652777778 1.3
36.567506944433 1.4
36.585611111100 1.1
36.588423611100 2.1
36.671881944433 1.5
36.978965277766 1.5
37.264423611111 1.4
37.283319444433 1.1
37.301298611100 1.0
37.406076388889 2.4
37.444833333322 2.0
37.456590277766 1.4
37.462118055556 1.5
37.483229166655 1.4
37.600590277766 2.4
37.941458333333 1.6
37.992694444433 1.4
38.074701388889 1.2
38.439916666667 1.0
38.451076388877 1.0
38.559576388877 1.8
38.616395833333 1.3
38.760604166667 1.4
39.257118055556 2.4
39.288402777766 1.4
39.467222222222 1.3
39.500937499988 2.1
39.543916666655 1.6
39.562916666655 1.5
39.720590277778 1.5
39.786652777778 1.4
40.011000000000 1.5
40.063701388889 1.9
40.227909722222 1.4
40.243770833333 1.2
40.304097222222 1.5
40.371236111100 1.2
42.622131944444 1.4
42.629597222211 1.6
42.646812500000 1.6
42.686319444444 1.1
42.710166666667 1.7
42.732493055544 1.9
42.822770833322 1.6
42.840187499988 1.9
42.922520833333 1.5
43.007187499988 1.9
43.021902777766 2.9
43.333527777766 1.1
43.411319444433 1.1
43.747312500000 2.0
43.749527777778 1.4
44.012229166655 2.6
44.018499999988 1.5
44.025631944444 1.1
44.186743055556 1.3
44.217805555556 1.4
44.652854166655 2.4
44.880597222211 1.1
45.051840277766 1.2
45.106847222211 1.1
45.111388888889 1.9
45.211812499988 1.6
45.480715277778 1.4
45.597534722222 1.8
45.757347222211 1.6
45.764902777766 1.2
45.986326388877 1.2
46.069597222222 1.0
46.217756944444 1.3
46.217923611100 1.1
46.295076388889 1.7
46.310166666655 1.3
46.659319444444 1.4
46.800305555544 1.0
47.087437500000 1.8
47.232062499988 1.7
47.701486111100 1.9
47.859972222211 1.1
47.895236111100 1.2
47.911451388877 1.2
47.983847222211 1.2
48.002374999988 2.6
48.028124999988 1.9
48.089368055544 1.8
48.146743055544 1.6
48.178687499988 2.2
48.195791666667 1.4
48.224479166655 1.5
48.241631944444 1.2
48.392277777778 1.1
48.503284722222 1.2
48.562444444433 2.1
48.566013888877 1.0
48.579423611111 1.2
48.737624999988 1.3
48.877111111111 2.2
48.906909722211 1.4
49.226423611111 1.5
49.448319444444 1.0
49.453173611100 1.3
49.459645833333 1.5
49.493916666655 1.1
49.535118055556 1.0
49.670569444433 1.0
50.137090277778 1.2
50.145520833333 1.4
50.239312499988 1.1
50.333145833333 1.1
50.470874999988 1.1
50.571645833322 1.2
50.598284722211 2.7
50.898166666655 1.4
51.112979166667 1.5
51.314861111111 1.0
51.750347222222 1.1
51.786659722222 1.1
51.795909722222 1.2
51.950534722211 1.0
51.969840277766 1.2
52.072652777766 1.6
52.073104166667 1.4
52.326270833333 1.0
52.554333333322 1.0
52.757326388889 1.0
52.758277777766 1.1
52.859111111111 1.8
53.063638888877 1.3
53.845236111100 1.0
53.863000000000 1.3
53.992833333322 1.7
54.244902777766 1.2
54.551541666655 1.7
55.072000000000 1.2
55.208638888877 1.3
55.209958333333 1.1
56.179861111100 1.5
56.388784722211 1.2
56.411277777766 1.1
56.896479166655 1.8
57.565673611100 1.3
57.658826388889 1.1
58.036826388889 1.2
58.045284722211 2.7
58.062229166655 1.4
58.214076388889 1.0
58.231083333333 1.5
58.576659722211 1.1
58.669812499988 1.6
58.831312500000 1.1
59.166222222222 1.4
59.781972222222 1.0
60.088701388889 1.2
60.298229166667 1.4
60.364215277778 1.6
60.560222222222 1.1
60.834944444444 1.0
61.357465277766 1.1
61.425972222211 1.4
61.576826388889 1.1
61.586215277766 1.0
62.088388888877 1.0
62.667416666655 1.2
62.685000000000 1.3
62.905513888889 1.4
62.957576388877 1.0
63.221743055544 1.0
63.224361111111 1.0
63.248666666655 1.0
63.405423611111 1.6
63.633805555556 1.0
63.827048611111 1.4
64.047576388877 1.0
64.126333333322 1.5
65.436909722222 1.2
65.762340277778 1.0
66.271236111111 1.1
66.558194444444 1.3
66.573618055544 2.4
66.642354166655 1.4
66.743138888889 3.4
66.745590277766 2.7
66.754694444433 2.7
66.770472222222 1.8
66.787333333333 1.2
66.885069444444 2.1
66.961166666655 1.0
66.993590277766 1.3
67.075166666667 1.3
67.491326388877 1.0
67.920402777778 1.1
67.933215277778 1.1
68.365555555556 1.9
68.443958333333 1.1
70.458423611111 1.8
70.548694444433 1.1
70.751437500000 1.4
71.130111111111 1.2
71.325972222211 1.3
71.953513888877 1.4
72.009951388877 1.6
72.011930555544 1.6
72.044256944444 2.1
72.302902777766 1.2
72.879597222211 1.0
73.233513888889 1.2
73.265687500000 1.2
73.527916666667 2.2
73.634423611111 1.5
73.881666666655 1.2
73.909874999988 1.4
74.702680555556 1.1
74.990722222211 1.0
75.285840277778 1.2
75.337993055544 1.2
76.762423611100 1.1
77.545069444433 2.0
77.717701388877 1.4
77.819701388889 1.9
78.133784722211 1.2
78.456680555556 1.6
78.573145833333 1.9
80.180284722211 1.0
80.402736111111 1.2
80.583340277766 1.1
80.670270833322 1.4
81.102326388877 1.8
81.400736111100 1.1
81.636284722211 2.7
85.736659722211 1.2
85.799875000000 1.1
86.088340277766 2.5
86.278111111111 1.6
86.735694444444 1.2
87.611368055556 1.5
87.717701388877 1.9
87.722305555556 1.4
88.073340277766 1.1
88.427395833333 1.6
88.462527777778 2.4
88.824312499988 1.9
89.051020833322 1.1
89.334465277778 1.8
89.358395833333 1.4
90.132743055544 1.2
90.245541666655 2.0
90.247951388877 1.0
90.250375000000 2.5
90.971381944433 2.3
90.972493055544 1.2
91.087548611111 1.2
91.256965277766 1.4
91.506826388877 2.6
91.508298611111 1.2
91.799784722211 1.6
92.919180555544 1.7
93.077965277778 1.0
93.193083333322 1.2
93.204840277766 1.4
94.507555555556 2.7
94.847833333333 1.1
95.650430555556 1.0
95.729631944433 1.0
95.735486111100 1.2
95.962298611100 2.2
96.016006944444 1.3
96.039500000000 1.0
96.152729166655 1.2
96.302159722222 1.3
96.357500000000 1.1
96.441847222222 1.0
97.108152777766 1.1
97.108562500000 1.3
97.126840277766 1.2
97.767993055556 1.2
97.856472222211 1.4
98.061083333322 1.2
99.006805555556 1.8
99.911979166655 1.1
100.106687500000 1.6
100.137104166655 1.2
101.205694444444 1.4
101.239083333322 1.1
101.332006944444 1.3
101.688645833333 1.9
101.868770833333 1.4
101.970243055556 1.5
102.835097222222 1.0
103.259791666655 1.3
103.274624999988 1.1
104.463451388877 1.8
104.481583333333 1.0
104.527402777766 1.1
104.739756944444 1.1
105.585048611100 1.0
105.834715277766 1.0
106.923312500000 2.2
108.037868055556 1.2
108.205784722211 1.1
108.433986111111 1.0
109.229083333333 1.6
109.308659722222 1.2
109.312993055544 1.9
109.358201388877 1.1
109.462680555544 1.1
109.649743055556 1.3
109.786631944433 1.3
110.602826388877 1.1
110.732375000000 1.0
110.838458333333 1.0
111.220694444444 1.3
112.245034722222 1.1
113.982840277766 1.2
114.145090277766 1.2
114.315645833322 1.3
114.408611111100 1.1
114.442513888889 1.2
115.309652777778 1.4
115.507187499988 1.2
115.882229166667 1.5
116.108395833333 1.0
116.128270833322 1.2
116.978013888889 2.2
117.063006944444 2.7
117.081666666667 1.7
117.489833333322 1.3
118.301486111111 1.0
118.302986111111 1.4
119.995770833322 1.1
120.425777777766 1.2
121.654701388889 1.3
125.506180555544 1.1
125.600715277766 1.0
125.787979166667 1.0
126.145812500000 1.3
127.553673611100 1.7
127.705166666667 1.9
127.794034722222 2.0
128.969527777778 1.6
130.017847222222 1.1
130.035902777778 1.2
130.764222222222 1.2
130.822270833322 1.2
131.237236111111 1.2
131.322180555556 1.4
131.924888888889 1.1
131.986354166655 1.0
132.130145833333 1.4
132.367597222211 1.4
133.105194444444 1.3
135.242736111111 1.6
135.351500000000 1.1
135.570999999988 1.1
136.048826388877 1.1
136.598229166667 1.1
137.124923611111 1.0
138.098562499988 1.5
139.021895833322 1.9
139.102465277778 2.0
139.474604166655 2.3
139.684152777766 1.1
140.297340277766 1.3
140.846673611100 1.7
140.964361111111 1.2
141.595027777778 1.1
143.127645833322 2.1
143.194666666655 1.4
143.225187500000 1.0
143.312902777778 1.3
144.946006944433 1.2
147.471416666667 1.0
147.850972222222 1.3
147.927930555556 1.0
148.591076388877 1.3
152.503583333333 1.3
153.860305555556 2.1
153.995138888877 1.5
154.238381944444 1.2
154.301423611111 4.4
154.303277777778 2.6
154.308534722211 1.0
154.318777777766 2.4
154.355993055556 1.2
154.369555555544 1.1
154.546812500000 1.6
154.551715277766 2.1
154.611263888889 1.0
154.789111111100 1.1
155.086437499988 1.6
155.118652777778 1.9
155.121368055556 1.5
155.193930555556 1.1
155.219458333333 1.8
155.305812500000 1.7
155.379340277778 1.3
155.409868055556 1.1
156.160319444444 1.3
156.210583333322 1.7
156.468124999988 1.2
156.554652777778 1.2
156.601895833333 1.0
156.628368055544 1.6
156.822409722211 1.3
157.704951388889 1.7
157.810701388889 2.2
158.039097222211 1.3
158.201326388889 1.5
159.013819444444 1.1
159.086090277766 1.0
159.476520833333 1.4
160.251263888889 1.5
160.595326388889 1.7
161.220888888889 1.5
161.222930555556 1.2
161.912041666667 2.0
161.987756944444 1.7
162.044277777766 1.4
162.242791666667 1.3
163.713187499988 1.0
163.896319444444 1.4
165.185659722211 1.1
165.451208333333 2.7
165.680423611100 2.3
165.705784722211 1.0
166.460208333333 1.0
168.396236111111 2.9
170.436722222222 1.0
170.491326388877 1.0
170.782138888877 1.2
170.994354166667 1.1
171.309659722222 1.6
172.258069444433 2.4
172.320333333322 2.1
173.064562500000 1.4
174.026041666655 1.2
175.079458333322 1.3
177.274833333333 1.0
177.275951388889 2.4
177.449215277778 1.9
177.480548611100 1.3
177.699159722222 1.8
177.713208333333 1.2
177.872486111111 1.4
177.986993055556 1.2
180.508763888877 1.1
182.348847222222 2.9
183.456756944433 1.4
183.553409722222 1.4
184.529625000000 1.4
184.887965277766 1.1
185.959187500000 1.3
186.000298611111 1.1
186.197506944444 2.3
187.349041666667 4.7
187.363500000000 2.6
188.112013888889 1.1
192.693361111111 1.1
193.572263888889 2.1
194.680576388877 2.2
195.095715277778 2.9
195.857388888877 2.3
196.018840277778 1.4
196.802652777766 2.4
196.822513888889 1.0
197.296187499988 1.4
198.243402777778 2.2
198.244611111100 1.3
198.762291666667 1.3
199.099180555544 1.6
199.690347222211 1.1
201.050368055544 1.1
201.445611111100 1.4
204.495229166667 1.3
205.262076388877 1.1
205.353888888877 1.3
205.461576388877 1.1
206.323041666655 1.2
208.026590277766 1.9
208.895569444444 1.0
210.096874999988 3.4
211.600048611100 1.2
212.484645833322 1.3
212.654604166667 1.7
212.697076388889 1.2
212.743236111100 1.2
212.770638888889 1.1
212.813305555556 1.2
212.885208333333 1.1
212.992236111111 1.1
215.174083333333 1.0
215.386958333333 1.4
215.771180555544 1.2
216.687465277778 1.7
217.479673611111 1.1
218.149187500000 2.1
218.342888888877 1.1
218.440479166655 1.1
220.476486111100 1.3
220.712840277766 1.3
221.655652777778 2.1
221.656020833333 1.9
221.868416666655 1.6
222.862312500000 1.0
225.930361111111 1.2
225.993076388889 1.6
226.013180555556 1.2
226.419513888877 1.0
226.849590277778 1.0
226.849749999988 1.8
226.933999999988 2.3
229.788729166667 1.2
230.780118055544 1.3
231.157979166667 1.5
231.197847222222 1.2
232.051909722222 1.3
234.315041666667 1.6
234.441375000000 1.1
238.040472222222 1.0
238.947506944444 1.9
240.427430555544 2.3
243.144479166667 1.9
243.272472222211 2.0
246.637701388877 1.2
249.896569444433 1.8
250.306298611100 1.2
251.212854166655 2.2
251.234618055544 2.5
252.239673611111 1.4
253.290576388889 1.2
253.408118055544 1.1
254.655305555556 1.3
257.270687499988 1.3
259.472256944444 1.2
262.478486111111 1.4
262.630826388889 1.6
263.475673611111 1.4
263.484090277778 1.5
264.890520833322 1.1
265.363534722211 1.2
265.847347222211 1.6
266.135118055556 1.6
266.148770833333 1.4
266.513034722222 1.5
267.235416666655 1.3
267.517618055556 1.3
267.553326388877 2.4
267.635937499988 1.4
267.787666666655 1.9
267.918659722211 2.5
268.214993055556 2.2
269.188534722211 4.3
269.677444444444 1.4
271.662937500000 1.3
271.952173611111 1.4
272.171868055544 1.1
272.213534722211 2.1
272.227111111100 2.4
272.546770833322 1.8
275.089395833333 1.8
275.135958333322 1.6
275.531611111111 1.4
278.069305555556 1.5
278.327465277766 1.5
278.990652777778 1.8
279.756854166655 1.5
279.916770833322 1.5
280.575541666667 1.4
280.817847222222 2.5
280.968138888877 1.5
281.175708333333 1.0
281.445590277778 1.3
281.488437499988 1.1
282.498451388889 1.7
283.216000000000 1.8
283.898861111100 1.1
288.291194444444 1.4
288.777298611100 1.3
288.778736111111 2.4
289.876770833333 1.7
290.996354166655 1.5
291.228812499988 2.1
291.584006944433 1.3
291.595055555556 1.5
291.596770833322 1.5
292.980041666667 2.0
293.241277777766 1.3
293.241756944444 1.4
294.524173611100 1.8
294.805923611100 1.9
295.168333333322 1.1
296.847868055544 1.7
298.266673611111 1.2
298.607840277766 1.4
299.071736111111 1.1
299.073909722211 1.5
299.080708333322 1.3
299.080881944433 1.5
299.082555555556 1.7
299.090208333322 1.0
299.091062500000 1.1
299.098326388889 1.7
299.099138888889 1.1
299.099520833322 1.2
299.104861111100 1.6
299.111777777766 2.3
299.115124999988 2.1
299.119458333333 1.7
299.124187499988 1.1
299.125666666655 1.2
299.134006944433 1.3
299.134722222222 2.5
299.139430555544 1.3
299.268034722222 1.2
299.273611111100 1.2
299.275583333333 1.8
299.277465277778 1.3
299.290263888877 1.0
299.291069444444 1.2
299.293124999988 1.4
299.295180555544 1.2
299.302826388877 1.2
299.303451388889 1.6
299.315895833322 2.9
299.335631944433 1.1
299.338097222222 1.3
299.349104166655 1.1
300.388986111100 1.0
301.891930555556 1.5
304.655548611111 1.2
305.453902777778 1.3
305.924756944433 1.7
306.650708333333 1.6
307.369180555556 1.3
308.141381944444 1.5
309.345819444444 1.4
309.878694444444 1.4
310.149361111111 1.7
316.709479166655 1.0
317.587118055556 1.4
318.847965277766 2.2
