# (ML) (expected_number) (lower bound of 95% interval) (upper bound of 95% interval) (probability)
0.45         320.141         179         631      1.0000
0.55         259.757         148         499      1.0000
0.65         210.763         122         395      1.0000
0.75         171.010         101         313      1.0000
0.85         138.754          83         249      1.0000
0.95         112.583          68         199      1.0000
1.05          91.348          55         160      1.0000
1.15          74.118          45         130      1.0000
1.25          60.139          36         105      1.0000
1.35          48.795          29          86      1.0000
1.45          39.592          23          70      1.0000
1.55          32.124          18          58      1.0000
1.65          26.065          14          48      1.0000
1.75          21.149          11          39      1.0000
1.85          17.160           8          33      1.0000
1.95          13.923           6          27      1.0000
2.05          11.297           5          23      0.9999
2.15           9.166           3          19      0.9997
2.25           7.437           2          16      0.9987
2.35           6.035           2          14      0.9959
2.45           4.896           1          12      0.9895
2.55           3.973           1          10      0.9767
2.65           3.223           0           9      0.9551
2.75           2.615           0           7      0.9227
2.85           2.122           0           6      0.8788
2.95           1.722           0           6      0.8243
3.05           1.397           0           5      0.7614
3.15           1.134           0           4      0.6928
3.25           0.920           0           4      0.6216
3.35           0.746           0           3      0.5506
3.45           0.606           0           3      0.4822
3.55           0.491           0           3      0.4181
3.65           0.399           0           2      0.3594
3.75           0.323           0           2      0.3067
3.85           0.262           0           2      0.2600
3.95           0.213           0           2      0.2193
4.05           0.173           0           1      0.1841
4.15           0.140           0           1      0.1540
4.25           0.114           0           1      0.1284
4.35           0.092           0           1      0.1068
4.45           0.075           0           1      0.0887
4.55           0.061           0           1      0.0735
4.65           0.049           0           1      0.0608
4.75           0.040           0           1      0.0503
4.85           0.032           0           1      0.0415
4.95           0.026           0           1      0.0343
5.05           0.021           0           1      0.0283
5.15           0.017           0           0      0.0233
5.25           0.014           0           0      0.0192
5.35           0.011           0           0      0.0158
5.45           0.009           0           0      0.0131
5.55           0.008           0           0      0.0108
5.65           0.006           0           0      0.0089
5.75           0.005           0           0      0.0073
5.85           0.004           0           0      0.0060
5.95           0.003           0           0      0.0050
6.05           0.003           0           0      0.0041
6.15           0.002           0           0      0.0034
6.25           0.002           0           0      0.0028
6.35           0.001           0           0      0.0023
6.45           0.001           0           0      0.0019
6.55           0.001           0           0      0.0016
6.65           0.001           0           0      0.0013
6.75           0.001           0           0      0.0011
6.85           0.000           0           0      0.0009
6.95           0.000           0           0      0.0007
7.05           0.000           0           0      0.0006
7.15           0.000           0           0      0.0005
7.25           0.000           0           0      0.0004
7.35           0.000           0           0      0.0003
7.45           0.000           0           0      0.0003
7.55           0.000           0           0      0.0002
7.65           0.000           0           0      0.0002
7.75           0.000           0           0      0.0002
7.85           0.000           0           0      0.0001
7.95           0.000           0           0      0.0001
8.05           0.000           0           0      0.0001
8.15           0.000           0           0      0.0001
8.25           0.000           0           0      0.0001
8.35           0.000           0           0      0.0001
8.45           0.000           0           0      0.0000
8.55           0.000           0           0      0.0000
8.65           0.000           0           0      0.0000
8.75           0.000           0           0      0.0000
8.85           0.000           0           0      0.0000
8.95           0.000           0           0      0.0000
9.05           0.000           0           0      0.0000
9.15           0.000           0           0      0.0000
9.25           0.000           0           0      0.0000
9.35           0.000           0           0      0.0000
9.45           0.000           0           0      0.0000
9.55           0.000           0           0      0.0000
9.65           0.000           0           0      0.0000
9.75           0.000           0           0      0.0000
9.85           0.000           0           0      0.0000
9.95           0.000           0           0      0.0000
